1001000000200000    36S(d,p)@ 16MeV    0 keV  0f7/2 bound ZR                    
+90.000 +0.000  +1.000                                                          
+30+01+03+07                                                                    
+0.100  +0.000  +50.000                                                         
+16.000  2.0     1.0    36.0    16.0    001.303                  2.0            
+01.    -92.976 +01.150 +00.761         -01.602 +01.335 +00.525 
+02.    +00.000 +00.000 +00.000         +42.340 +01.380 +00.736 
-04.    -14.228 +00.972 +01.011         +00.000 +00.000 +00.000 
+2.079    1.0     1.0    37.0    16.0    001.292                 +01.            
+01.    -56.249 +01.182 +00.672         -00.786 +01.182 +00.672 
+02.    +00.000 +00.000 +00.000         +34.836 +01.290 +00.538 
-04.    -22.456 +00.991 +00.590         +00.156 +00.991 +00.590 
-4.304    1.0     0.0    36.0    16.0    +01.30                  +01.    
-01.    -01.    +01.28  +00.65  24.0                                            
+0.000  +3.000  +7.000  +1.000  +50.000 +0.000  +0.000                          
1001000000200000    36S(d,p)@ 16MeV    1000 keV  0f7/2 bound ZR                 
+90.000 +0.000  +1.000                                                          
+30+01+03+07                                                                    
+0.100  +0.000  +50.000                                                         
+16.000  2.0     1.0    36.0    16.0    001.303                  2.0            
+01.    -92.976 +01.150 +00.761         -01.602 +01.335 +00.525 
+02.    +00.000 +00.000 +00.000         +42.340 +01.380 +00.736 
-04.    -14.228 +00.972 +01.011         +00.000 +00.000 +00.000 
+1.079    1.0     1.0    37.0    16.0    001.292                 +01.            
+01.    -56.249 +01.182 +00.672         -00.786 +01.182 +00.672 
+02.    +00.000 +00.000 +00.000         +34.836 +01.290 +00.538 
-04.    -22.456 +00.991 +00.590         +00.156 +00.991 +00.590 
-3.304    1.0     0.0    36.0    16.0    +01.30                  +01.    
-01.    -01.    +01.28  +00.65  24.0                                            
+0.000  +3.000  +7.000  +1.000  +50.000 +0.000  +0.000                          
1001000000200000    36S(d,p)@ 16MeV    2000 keV  0f7/2 bound ZR                 
+90.000 +0.000  +1.000                                                          
+30+01+03+07                                                                    
+0.100  +0.000  +50.000                                                         
+16.000  2.0     1.0    36.0    16.0    001.303                  2.0            
+01.    -92.976 +01.150 +00.761         -01.602 +01.335 +00.525 
+02.    +00.000 +00.000 +00.000         +42.340 +01.380 +00.736 
-04.    -14.228 +00.972 +01.011         +00.000 +00.000 +00.000 
+0.079    1.0     1.0    37.0    16.0    001.292                 +01.            
+01.    -56.249 +01.182 +00.672         -00.786 +01.182 +00.672 
+02.    +00.000 +00.000 +00.000         +34.836 +01.290 +00.538 
-04.    -22.456 +00.991 +00.590         +00.156 +00.991 +00.590 
-2.304    1.0     0.0    36.0    16.0    +01.30                  +01.    
-01.    -01.    +01.28  +00.65  24.0                                            
+0.000  +3.000  +7.000  +1.000  +50.000 +0.000  +0.000                          
1001000000200000    36S(d,p)@ 16MeV    3000 keV  0f7/2 bound ZR                 
+90.000 +0.000  +1.000                                                          
+30+01+03+07                                                                    
+0.100  +0.000  +50.000                                                         
+16.000  2.0     1.0    36.0    16.0    001.303                  2.0            
+01.    -92.976 +01.150 +00.761         -01.602 +01.335 +00.525 
+02.    +00.000 +00.000 +00.000         +42.340 +01.380 +00.736 
-04.    -14.228 +00.972 +01.011         +00.000 +00.000 +00.000 
-0.921    1.0     1.0    37.0    16.0    001.292                 +01.            
+01.    -56.249 +01.182 +00.672         -00.786 +01.182 +00.672 
+02.    +00.000 +00.000 +00.000         +34.836 +01.290 +00.538 
-04.    -22.456 +00.991 +00.590         +00.156 +00.991 +00.590 
-1.304    1.0     0.0    36.0    16.0    +01.30                  +01.    
-01.    -01.    +01.28  +00.65  24.0                                            
+0.000  +3.000  +7.000  +1.000  +50.000 +0.000  +0.000                          
1001000000200000    36S(d,p)@ 16MeV    4000 keV  0f7/2 bound ZR                 
+90.000 +0.000  +1.000                                                          
+30+01+03+07                                                                    
+0.100  +0.000  +50.000                                                         
+16.000  2.0     1.0    36.0    16.0    001.303                  2.0            
+01.    -92.976 +01.150 +00.761         -01.602 +01.335 +00.525 
+02.    +00.000 +00.000 +00.000         +42.340 +01.380 +00.736 
-04.    -14.228 +00.972 +01.011         +00.000 +00.000 +00.000 
-1.921    1.0     1.0    37.0    16.0    001.292                 +01.            
+01.    -56.249 +01.182 +00.672         -00.786 +01.182 +00.672 
+02.    +00.000 +00.000 +00.000         +34.836 +01.290 +00.538 
-04.    -22.456 +00.991 +00.590         +00.156 +00.991 +00.590 
-0.304    1.0     0.0    36.0    16.0    +01.30                  +01.    
-01.    -01.    +01.28  +00.65  24.0                                            
+0.000  +3.000  +7.000  +1.000  +50.000 +0.000  +0.000                          
1011000030000000    36S(d,p)@ 16MeV    5000 keV  0f7/2 unbound ZR               
+90.000 +0.000  +1.000                                                          
+15+01+03+07                                                                    
+0.100  +0.000  -15.000                                                         
+16.000  2.0     1.0    36.0    16.0    001.303                  2.0            
+01.    -92.976 +01.150 +00.761         -01.602 +01.335 +00.525 
+02.    +00.000 +00.000 +00.000         +42.340 +01.380 +00.736 
-04.    -14.228 +00.972 +01.011         +00.000 +00.000 +00.000 
-2.921    1.0     1.0    37.0    16.0    001.292                 +01.            
+01.    -56.249 +01.182 +00.672         -00.786 +01.182 +00.672 
+02.    +00.000 +00.000 +00.000         +34.836 +01.290 +00.538 
-04.    -22.456 +00.991 +00.590         +00.156 +00.991 +00.590 
+0.696    1.0     0.0    36.0    16.0    +01.30                  +01.    
-01.    -01.    +01.28  +00.65  24.0                                            
+0.000  +3.000  +7.000  +1.000  +50.000 +0.000  +0.000                          
1011000030000000    36S(d,p)@ 16MeV    6000 keV  0f7/2 unbound ZR               
+90.000 +0.000  +1.000                                                          
+15+01+03+07                                                                    
+0.100  +0.000  -15.000                                                         
+16.000  2.0     1.0    36.0    16.0    001.303                  2.0            
+01.    -92.976 +01.150 +00.761         -01.602 +01.335 +00.525 
+02.    +00.000 +00.000 +00.000         +42.340 +01.380 +00.736 
-04.    -14.228 +00.972 +01.011         +00.000 +00.000 +00.000 
-3.921    1.0     1.0    37.0    16.0    001.292                 +01.            
+01.    -56.249 +01.182 +00.672         -00.786 +01.182 +00.672 
+02.    +00.000 +00.000 +00.000         +34.836 +01.290 +00.538 
-04.    -22.456 +00.991 +00.590         +00.156 +00.991 +00.590 
+1.696    1.0     0.0    36.0    16.0    +01.30                  +01.    
-01.    -01.    +01.28  +00.65  24.0                                            
+0.000  +3.000  +7.000  +1.000  +50.000 +0.000  +0.000                          
1011000030000000    36S(d,p)@ 16MeV    7000 keV  0f7/2 unbound ZR               
+90.000 +0.000  +1.000                                                          
+15+01+03+07                                                                    
+0.100  +0.000  -15.000                                                         
+16.000  2.0     1.0    36.0    16.0    001.303                  2.0            
+01.    -92.976 +01.150 +00.761         -01.602 +01.335 +00.525 
+02.    +00.000 +00.000 +00.000         +42.340 +01.380 +00.736 
-04.    -14.228 +00.972 +01.011         +00.000 +00.000 +00.000 
-4.921    1.0     1.0    37.0    16.0    001.292                 +01.            
+01.    -56.249 +01.182 +00.672         -00.786 +01.182 +00.672 
+02.    +00.000 +00.000 +00.000         +34.836 +01.290 +00.538 
-04.    -22.456 +00.991 +00.590         +00.156 +00.991 +00.590 
+2.696    1.0     0.0    36.0    16.0    +01.30                  +01.    
-01.    -01.    +01.28  +00.65  24.0                                            
+0.000  +3.000  +7.000  +1.000  +50.000 +0.000  +0.000                          
9                   END OF DATA for DWUCK4
