1001000000200000    36S(d,p)@ 16MeV    0 keV  0f7/2 bound ZR                     
+90.    +00.    +01.                                                            
+30+01+03+07                                                                    
+00.10  +00.    +050.                                                           
+016.000  2.0     1.0    36.0    16.0    001.303                  2.0            
+01.    -92.976 +01.150 +00.761         -01.602 +01.335 +00.525 
+02.    +00.000 +00.000 +00.000         +42.340 +01.380 +00.736 
-04.    -14.228 +00.972 +01.011         +00.000 +00.000 +00.000 
+02.079  1.0     1.0    37.0    16.0    001.292                 +01.            
+01.    -56.249 +01.182 +00.672         -00.786 +01.182 +00.672 
+02.    +00.000 +00.000 +00.000         +34.836 +01.290 +00.538 
-04.    -22.456 +00.991 +00.590         +00.156 +00.991 +00.590 
-04.304  1.0     0.0    36.0    16.0    +01.30                  +01.            
-01.    -01.    +01.28  +00.65  24.0                                            
+00.    +03.    +07.    +01.    +50.0   +00.    +00.00                          
1001000000200000    36S(d,p)@ 16MeV    645 keV  1p3/2 bound ZR                   
+90.    +00.    +01.                                                            
+30+01+01+03                                                                    
+00.10  +00.    +050.                                                           
+016.000  2.0     1.0    36.0    16.0    001.303                  2.0            
+01.    -92.976 +01.150 +00.761         -01.602 +01.335 +00.525 
+02.    +00.000 +00.000 +00.000         +43.430 +01.380 +00.736 
-04.    -14.228 +00.972 +01.011         +00.000 +00.000 +00.000 
+01.434  1.0     1.0    37.0    16.0    001.292                 +01.            
+01.    -56.510 +01.182 +00.672         -00.838 +01.182 +00.672 
+02.    +00.000 +00.000 +00.000         +35.104 +01.290 +00.538 
-04.    -22.456 +00.991 +00.590         +00.168 +00.991 +00.590 
-03.659  1.0     0.0    36.0    16.0    +01.30                  +01.            
-01.    -01.    +01.28  +00.65  24.0                                            
+01.    +01.    +03.    +01.    +50.0   +00.    +00.00                          
1001000000200000    36S(d,p)@ 16MeV    1398 keV  0d3/2 bound ZR                  
+90.    +00.    +01.                                                            
+30+01+02+03                                                                    
+00.10  +00.    +050.                                                           
+016.000  2.0     1.0    36.0    16.0    001.303                  2.0            
+01.    -92.976 +01.150 +00.761         -01.602 +01.335 +00.525 
+02.    +00.000 +00.000 +00.000         +44.703 +01.380 +00.736 
-04.    -14.228 +00.972 +01.011         +00.000 +00.000 +00.000 
+00.681  1.0     1.0    37.0    16.0    001.292                 +01.            
+01.    -56.815 +01.182 +00.672         -00.899 +01.182 +00.672 
+02.    +00.000 +00.000 +00.000         +35.416 +01.290 +00.538 
-04.    -22.456 +00.991 +00.590         +00.183 +00.991 +00.590 
-02.906  1.0     0.0    36.0    16.0    +01.30                  +01.            
-01.    -01.    +01.28  +00.65  24.0                                            
+00.    +02.    +03.    +01.    +50.0   +00.    +00.00                          
1001000000200000    36S(d,p)@ 16MeV    1991 keV  1p3/2 bound ZR                  
+90.    +00.    +01.                                                            
+30+01+01+03                                                                    
+00.10  +00.    +050.                                                           
+016.000  2.0     1.0    36.0    16.0    001.303                  2.0            
+01.    -92.976 +01.150 +00.761         -01.602 +01.335 +00.525 
+02.    +00.000 +00.000 +00.000         +45.705 +01.380 +00.736 
-04.    -14.228 +00.972 +01.011         +00.000 +00.000 +00.000 
+00.088  1.0     1.0    37.0    16.0    001.292                 +01.            
+01.    -57.055 +01.182 +00.672         -00.947 +01.182 +00.672 
+02.    +00.000 +00.000 +00.000         +35.662 +01.290 +00.538 
-04.    -22.456 +00.991 +00.590         +00.194 +00.991 +00.590 
-02.313  1.0     0.0    36.0    16.0    +01.30                  +01.            
-01.    -01.    +01.28  +00.65  24.0                                            
+01.    +01.    +03.    +01.    +50.0   +00.    +00.00                          
1001000000200000    36S(d,p)@ 16MeV    2023 keV  0f7/2 bound ZR                  
+90.    +00.    +01.                                                            
+30+01+03+07                                                                    
+00.10  +00.    +050.                                                           
+016.000  2.0     1.0    36.0    16.0    001.303                  2.0            
+01.    -92.976 +01.150 +00.761         -01.602 +01.335 +00.525 
+02.    +00.000 +00.000 +00.000         +45.759 +01.380 +00.736 
-04.    -14.228 +00.972 +01.011         +00.000 +00.000 +00.000 
+00.056  1.0     1.0    37.0    16.0    001.292                 +01.            
+01.    -57.068 +01.182 +00.672         -00.950 +01.182 +00.672 
+02.    +00.000 +00.000 +00.000         +35.676 +01.290 +00.538 
-04.    -22.456 +00.991 +00.590         +00.194 +00.991 +00.590 
-02.281  1.0     0.0    36.0    16.0    +01.30                  +01.            
-01.    -01.    +01.28  +00.65  24.0                                            
+00.    +03.    +07.    +01.    +50.0   +00.    +00.00                          
1001000000200000    36S(d,p)@ 16MeV    2514 keV  0f5/2 bound ZR                  
+90.    +00.    +01.                                                            
+30+01+03+05                                                                    
+00.10  +00.    +050.                                                           
+016.000  2.0     1.0    36.0    16.0    001.303                  2.0            
+01.    -92.976 +01.150 +00.761         -01.602 +01.335 +00.525 
+02.    +00.000 +00.000 +00.000         +46.589 +01.380 +00.736 
-04.    -14.228 +00.972 +01.011         +00.000 +00.000 +00.000 
-00.435  1.0     1.0    37.0    16.0    001.292                 +01.            
+01.    -57.267 +01.182 +00.672         -00.990 +01.182 +00.672 
+02.    +00.000 +00.000 +00.000         +35.879 +01.290 +00.538 
-04.    -22.456 +00.991 +00.590         +00.204 +00.991 +00.590 
-01.790  1.0     0.0    36.0    16.0    +01.30                  +01.            
-01.    -01.    +01.28  +00.65  24.0                                            
+00.    +03.    +05.    +01.    +50.0   +00.    +00.00                          
1001000000200000    36S(d,p)@ 16MeV    2637 keV  1p1/2 bound ZR                  
+90.    +00.    +01.                                                            
+30+01+01+01                                                                    
+00.10  +00.    +050.                                                           
+016.000  2.0     1.0    36.0    16.0    001.303                  2.0            
+01.    -92.976 +01.150 +00.761         -01.602 +01.335 +00.525 
+02.    +00.000 +00.000 +00.000         +46.797 +01.380 +00.736 
-04.    -14.228 +00.972 +01.011         +00.000 +00.000 +00.000 
-00.558  1.0     1.0    37.0    16.0    001.292                 +01.            
+01.    -57.317 +01.182 +00.672         -01.000 +01.182 +00.672 
+02.    +00.000 +00.000 +00.000         +35.930 +01.290 +00.538 
-04.    -22.456 +00.991 +00.590         +00.206 +00.991 +00.590 
-01.667  1.0     0.0    36.0    16.0    +01.30                  +01.            
-01.    -01.    +01.28  +00.65  24.0                                            
+01.    +01.    +01.    +01.    +50.0   +00.    +00.00                          
1001000000200000    36S(d,p)@ 16MeV    2776 keV  0f7/2 bound ZR                  
+90.    +00.    +01.                                                            
+30+01+03+07                                                                    
+00.10  +00.    +050.                                                           
+016.000  2.0     1.0    36.0    16.0    001.303                  2.0            
+01.    -92.976 +01.150 +00.761         -01.602 +01.335 +00.525 
+02.    +00.000 +00.000 +00.000         +47.031 +01.380 +00.736 
-04.    -14.228 +00.972 +01.011         +00.000 +00.000 +00.000 
-00.697  1.0     1.0    37.0    16.0    001.292                 +01.            
+01.    -57.373 +01.182 +00.672         -01.011 +01.182 +00.672 
+02.    +00.000 +00.000 +00.000         +35.988 +01.290 +00.538 
-04.    -22.456 +00.991 +00.590         +00.209 +00.991 +00.590 
-01.528  1.0     0.0    36.0    16.0    +01.30                  +01.            
-01.    -01.    +01.28  +00.65  24.0                                            
+00.    +03.    +07.    +01.    +50.0   +00.    +00.00                          
1001000000200000    36S(d,p)@ 16MeV    3120 keV  0g9/2 bound ZR                  
+90.    +00.    +01.                                                            
+30+01+04+09                                                                    
+00.10  +00.    +050.                                                           
+016.000  2.0     1.0    36.0    16.0    001.303                  2.0            
+01.    -92.976 +01.150 +00.761         -01.602 +01.335 +00.525 
+02.    +00.000 +00.000 +00.000         +47.613 +01.380 +00.736 
-04.    -14.228 +00.972 +01.011         +00.000 +00.000 +00.000 
-01.041  1.0     1.0    37.0    16.0    001.292                 +01.            
+01.    -57.513 +01.182 +00.672         -01.039 +01.182 +00.672 
+02.    +00.000 +00.000 +00.000         +36.131 +01.290 +00.538 
-04.    -22.456 +00.991 +00.590         +00.215 +00.991 +00.590 
-01.184  1.0     0.0    36.0    16.0    +01.30                  +01.            
-01.    -01.    +01.28  +00.65  24.0                                            
+00.    +04.    +09.    +01.    +50.0   +00.    +00.00                          
1001000000200000    36S(d,p)@ 16MeV    3180 keV  0d3/2 bound ZR                  
+90.    +00.    +01.                                                            
+30+01+02+03                                                                    
+00.10  +00.    +050.                                                           
+016.000  2.0     1.0    36.0    16.0    001.303                  2.0            
+01.    -92.976 +01.150 +00.761         -01.602 +01.335 +00.525 
+02.    +00.000 +00.000 +00.000         +47.714 +01.380 +00.736 
-04.    -14.228 +00.972 +01.011         +00.000 +00.000 +00.000 
-01.101  1.0     1.0    37.0    16.0    001.292                 +01.            
+01.    -57.537 +01.182 +00.672         -01.044 +01.182 +00.672 
+02.    +00.000 +00.000 +00.000         +36.156 +01.290 +00.538 
-04.    -22.456 +00.991 +00.590         +00.216 +00.991 +00.590 
-01.124  1.0     0.0    36.0    16.0    +01.30                  +01.            
-01.    -01.    +01.28  +00.65  24.0                                            
+00.    +02.    +03.    +01.    +50.0   +00.    +00.00                          
1001000000200000    36S(d,p)@ 16MeV    3262 keV  1p3/2 bound ZR                  
+90.    +00.    +01.                                                            
+30+01+01+03                                                                    
+00.10  +00.    +050.                                                           
+016.000  2.0     1.0    36.0    16.0    001.303                  2.0            
+01.    -92.976 +01.150 +00.761         -01.602 +01.335 +00.525 
+02.    +00.000 +00.000 +00.000         +47.853 +01.380 +00.736 
-04.    -14.228 +00.972 +01.011         +00.000 +00.000 +00.000 
-01.183  1.0     1.0    37.0    16.0    001.292                 +01.            
+01.    -57.570 +01.182 +00.672         -01.050 +01.182 +00.672 
+02.    +00.000 +00.000 +00.000         +36.190 +01.290 +00.538 
-04.    -22.456 +00.991 +00.590         +00.218 +00.991 +00.590 
-01.042  1.0     0.0    36.0    16.0    +01.30                  +01.            
-01.    -01.    +01.28  +00.65  24.0                                            
+01.    +01.    +03.    +01.    +50.0   +00.    +00.00                          
1001000000200000    36S(d,p)@ 16MeV    3355 keV  0d3/2 bound ZR                  
+90.    +00.    +01.                                                            
+30+01+02+03                                                                    
+00.10  +00.    +050.                                                           
+016.000  2.0     1.0    36.0    16.0    001.303                  2.0            
+01.    -92.976 +01.150 +00.761         -01.602 +01.335 +00.525 
+02.    +00.000 +00.000 +00.000         +48.010 +01.380 +00.736 
-04.    -14.228 +00.972 +01.011         +00.000 +00.000 +00.000 
-01.276  1.0     1.0    37.0    16.0    001.292                 +01.            
+01.    -57.608 +01.182 +00.672         -01.058 +01.182 +00.672 
+02.    +00.000 +00.000 +00.000         +36.228 +01.290 +00.538 
-04.    -22.456 +00.991 +00.590         +00.220 +00.991 +00.590 
-00.949  1.0     0.0    36.0    16.0    +01.30                  +01.            
-01.    -01.    +01.28  +00.65  24.0                                            
+00.    +02.    +03.    +01.    +50.0   +00.    +00.00                          
1001000000200000    36S(d,p)@ 16MeV    3442 keV  0f7/2 bound ZR                  
+90.    +00.    +01.                                                            
+30+01+03+07                                                                    
+00.10  +00.    +050.                                                           
+016.000  2.0     1.0    36.0    16.0    001.303                  2.0            
+01.    -92.976 +01.150 +00.761         -01.602 +01.335 +00.525 
+02.    +00.000 +00.000 +00.000         +48.157 +01.380 +00.736 
-04.    -14.228 +00.972 +01.011         +00.000 +00.000 +00.000 
-01.363  1.0     1.0    37.0    16.0    001.292                 +01.            
+01.    -57.643 +01.182 +00.672         -01.065 +01.182 +00.672 
+02.    +00.000 +00.000 +00.000         +36.264 +01.290 +00.538 
-04.    -22.456 +00.991 +00.590         +00.221 +00.991 +00.590 
-00.862  1.0     0.0    36.0    16.0    +01.30                  +01.            
-01.    -01.    +01.28  +00.65  24.0                                            
+00.    +03.    +07.    +01.    +50.0   +00.    +00.00                          
1001000000200000    36S(d,p)@ 16MeV    3493 keV  1p3/2 bound ZR                  
+90.    +00.    +01.                                                            
+30+01+01+03                                                                    
+00.10  +00.    +050.                                                           
+016.000  2.0     1.0    36.0    16.0    001.303                  2.0            
+01.    -92.976 +01.150 +00.761         -01.602 +01.335 +00.525 
+02.    +00.000 +00.000 +00.000         +48.243 +01.380 +00.736 
-04.    -14.228 +00.972 +01.011         +00.000 +00.000 +00.000 
-01.414  1.0     1.0    37.0    16.0    001.292                 +01.            
+01.    -57.664 +01.182 +00.672         -01.069 +01.182 +00.672 
+02.    +00.000 +00.000 +00.000         +36.286 +01.290 +00.538 
-04.    -22.456 +00.991 +00.590         +00.222 +00.991 +00.590 
-00.811  1.0     0.0    36.0    16.0    +01.30                  +01.            
-01.    -01.    +01.28  +00.65  24.0                                            
+01.    +01.    +03.    +01.    +50.0   +00.    +00.00                          
1001000000200000    36S(d,p)@ 16MeV    3605 keV  0f7/2 bound ZR                  
+90.    +00.    +01.                                                            
+30+01+03+07                                                                    
+00.10  +00.    +050.                                                           
+016.000  2.0     1.0    36.0    16.0    001.303                  2.0            
+01.    -92.976 +01.150 +00.761         -01.602 +01.335 +00.525 
+02.    +00.000 +00.000 +00.000         +48.432 +01.380 +00.736 
-04.    -14.228 +00.972 +01.011         +00.000 +00.000 +00.000 
-01.526  1.0     1.0    37.0    16.0    001.292                 +01.            
+01.    -57.709 +01.182 +00.672         -01.078 +01.182 +00.672 
+02.    +00.000 +00.000 +00.000         +36.332 +01.290 +00.538 
-04.    -22.456 +00.991 +00.590         +00.224 +00.991 +00.590 
-00.699  1.0     0.0    36.0    16.0    +01.30                  +01.            
-01.    -01.    +01.28  +00.65  24.0                                            
+00.    +03.    +07.    +01.    +50.0   +00.    +00.00                          
1001000000200000    36S(d,p)@ 16MeV    3666 keV  0d3/2 bound ZR                  
+90.    +00.    +01.                                                            
+30+01+02+03                                                                    
+00.10  +00.    +050.                                                           
+016.000  2.0     1.0    36.0    16.0    001.303                  2.0            
+01.    -92.976 +01.150 +00.761         -01.602 +01.335 +00.525 
+02.    +00.000 +00.000 +00.000         +48.536 +01.380 +00.736 
-04.    -14.228 +00.972 +01.011         +00.000 +00.000 +00.000 
-01.587  1.0     1.0    37.0    16.0    001.292                 +01.            
+01.    -57.734 +01.182 +00.672         -01.083 +01.182 +00.672 
+02.    +00.000 +00.000 +00.000         +36.357 +01.290 +00.538 
-04.    -22.456 +00.991 +00.590         +00.226 +00.991 +00.590 
-00.638  1.0     0.0    36.0    16.0    +01.30                  +01.            
-01.    -01.    +01.28  +00.65  24.0                                            
+00.    +02.    +03.    +01.    +50.0   +00.    +00.00                          
1001000000200000    36S(d,p)@ 16MeV    4005 keV  1p1/2 bound ZR                  
+90.    +00.    +01.                                                            
+30+01+01+01                                                                    
+00.10  +00.    +050.                                                           
+016.000  2.0     1.0    36.0    16.0    001.303                  2.0            
+01.    -92.976 +01.150 +00.761         -01.602 +01.335 +00.525 
+02.    +00.000 +00.000 +00.000         +49.108 +01.380 +00.736 
-04.    -14.228 +00.972 +01.011         +00.000 +00.000 +00.000 
-01.926  1.0     1.0    37.0    16.0    001.292                 +01.            
+01.    -57.871 +01.182 +00.672         -01.110 +01.182 +00.672 
+02.    +00.000 +00.000 +00.000         +36.498 +01.290 +00.538 
-04.    -22.456 +00.991 +00.590         +00.232 +00.991 +00.590 
-00.299  1.0     0.0    36.0    16.0    +01.30                  +01.            
-01.    -01.    +01.28  +00.65  24.0                                            
+01.    +01.    +01.    +01.    +50.0   +00.    +00.00                          
1001000000200000    36S(d,p)@ 16MeV    4072 keV  1p3/2 bound ZR                  
+90.    +00.    +01.                                                            
+30+01+01+03                                                                    
+00.10  +00.    +050.                                                           
+016.000  2.0     1.0    36.0    16.0    001.303                  2.0            
+01.    -92.976 +01.150 +00.761         -01.602 +01.335 +00.525 
+02.    +00.000 +00.000 +00.000         +49.222 +01.380 +00.736 
-04.    -14.228 +00.972 +01.011         +00.000 +00.000 +00.000 
-01.993  1.0     1.0    37.0    16.0    001.292                 +01.            
+01.    -57.898 +01.182 +00.672         -01.116 +01.182 +00.672 
+02.    +00.000 +00.000 +00.000         +36.526 +01.290 +00.538 
-04.    -22.456 +00.991 +00.590         +00.233 +00.991 +00.590 
-00.232  1.0     0.0    36.0    16.0    +01.30                  +01.            
-01.    -01.    +01.28  +00.65  24.0                                            
+01.    +01.    +03.    +01.    +50.0   +00.    +00.00                          
1001000000200000    36S(d,p)@ 16MeV    4147 keV  1p1/2 bound ZR                  
+90.    +00.    +01.                                                            
+30+01+01+01                                                                    
+00.10  +00.    +050.                                                           
+016.000  2.0     1.0    36.0    16.0    001.303                  2.0            
+01.    -92.976 +01.150 +00.761         -01.602 +01.335 +00.525 
+02.    +00.000 +00.000 +00.000         +49.348 +01.380 +00.736 
-04.    -14.228 +00.972 +01.011         +00.000 +00.000 +00.000 
-02.068  1.0     1.0    37.0    16.0    001.292                 +01.            
+01.    -57.929 +01.182 +00.672         -01.122 +01.182 +00.672 
+02.    +00.000 +00.000 +00.000         +36.557 +01.290 +00.538 
-04.    -22.456 +00.991 +00.590         +00.235 +00.991 +00.590 
-00.157  1.0     0.0    36.0    16.0    +01.30                  +01.            
-01.    -01.    +01.28  +00.65  24.0                                            
+01.    +01.    +01.    +01.    +50.0   +00.    +00.00                          
1001000000200000    36S(d,p)@ 16MeV    4226 keV  0f5/2 bound ZR                  
+90.    +00.    +01.                                                            
+30+01+03+05                                                                    
+00.10  +00.    +050.                                                           
+016.000  2.0     1.0    36.0    16.0    001.303                  2.0            
+01.    -92.976 +01.150 +00.761         -01.602 +01.335 +00.525 
+02.    +00.000 +00.000 +00.000         +49.482 +01.380 +00.736 
-04.    -14.228 +00.972 +01.011         +00.000 +00.000 +00.000 
-02.147  1.0     1.0    37.0    16.0    001.292                 +01.            
+01.    -57.961 +01.182 +00.672         -01.128 +01.182 +00.672 
+02.    +00.000 +00.000 +00.000         +36.590 +01.290 +00.538 
-04.    -22.456 +00.991 +00.590         +00.236 +00.991 +00.590 
-00.078  1.0     0.0    36.0    16.0    +01.30                  +01.            
-01.    -01.    +01.28  +00.65  24.0                                            
+00.    +03.    +05.    +01.    +50.0   +00.    +00.00                          
9                   END OF DATA for DWUCK4
