1001000000200000    36S(d,p)@ 8MeV    0 keV  0f7/2 bound ZR
90.     0.0     1.     
+30+01+03+07
+00.30  +000.0   +50.0          0.7
+08.000  2.0     1.0    36.0    16.0    001.303                  2.0    
+01.    -92.976 +01.150 +00.761         -01.602 +01.335 +00.525 
+02.    +00.000 +00.000 +00.000         +42.340 +01.380 +00.736 
-04.    -14.228 +00.972 +01.011         +00.000 +00.000 +00.000 
+02.079  1.0     1.0    37.0    16.0    001.292                 +01.    
+01.    -56.249 +01.182 +00.672         -00.786 +01.182 +00.672 
+02.    +00.000 +00.000 +00.000         +34.836 +01.290 +00.538 
-04.    -22.456 +00.991 +00.590         +00.156 +00.991 +00.590 
-04.304  1.0     0.0    36.0    16.0    +01.30                  +01.    
-01.    -01.    +01.28  +00.65  24.0
+00.0   +03.0   +07.0   +01.0   +50.0   
1001000000200000    36S(d,p)@ 8MeV    645 keV  1p3/2 bound ZR
90.     0.0     1.     
+30+01+01+03
+00.30  +000.0   +50.0          0.7
+08.000  2.0     1.0    36.0    16.0    001.303                  2.0    
+01.    -92.976 +01.150 +00.761         -01.602 +01.335 +00.525 
+02.    +00.000 +00.000 +00.000         +43.432 +01.380 +00.736 
-04.    -14.228 +00.972 +01.011         +00.000 +00.000 +00.000 
+01.434  1.0     1.0    37.0    16.0    001.292                 +01.    
+01.    -56.510 +01.182 +00.672         -00.734 +01.182 +00.672 
+02.    +00.000 +00.000 +00.000         +34.568 +01.290 +00.538 
-04.    -22.516 +00.991 +00.590         +00.144 +00.991 +00.590 
-03.659  1.0     0.0    36.0    16.0    +01.30                  +01.    
-01.    -01.    +01.28  +00.65  24.0
+01.0   +01.0   +03.0   +01.0   +50.0   
9                   END OF DATA for DWUCK4
