1001000000200000    36S(d,p)@ 16MeV    0 keV  0f7/2 bound ZR
90.     0.0     1.     
+30+01+03+07
+00.30  +000.0   +50.0          0.7
+016.000  2.0     1.0    36.0    16.0    001.303                  2.0    
+01.    -92.976 +01.150 +00.761         -01.602 +01.335 +00.525 
+02.    +00.000 +00.000 +00.000         +42.340 +01.380 +00.736 
-04.    -14.228 +00.972 +01.011         +00.000 +00.000 +00.000 
+002.079  1.0     1.0    37.0    16.0    001.292                 +01.    
+01.    -56.249 +01.182 +00.672         -00.786 +01.182 +00.672 
+02.    +00.000 +00.000 +00.000         +34.836 +01.290 +00.538 
-04.    -22.456 +00.991 +00.590         +00.156 +00.991 +00.590 
-004.304  1.0     0.0    36.0    16.0    +01.30                  +01.    
-01.    -01.    +01.28  +00.65  24.0
+00.0   +03.0   +07.0   +01.0   +50.0   
1001000000200000    36S(d,p)@ 16MeV    645 keV  1p3/2 bound ZR
90.     0.0     1.     
+30+01+01+03
+00.30  +000.0   +50.0          0.7
+016.000  2.0     1.0    36.0    16.0    001.303                  2.0    
+01.    -92.976 +01.150 +00.761         -01.602 +01.335 +00.525 
+02.    +00.000 +00.000 +00.000         +42.340 +01.380 +00.736 
-04.    -14.228 +00.972 +01.011         +00.000 +00.000 +00.000 
+001.434  1.0     1.0    37.0    16.0    001.292                 +01.    
+01.    -56.249 +01.182 +00.672         -00.786 +01.182 +00.672 
+02.    +00.000 +00.000 +00.000         +34.836 +01.290 +00.538 
-04.    -22.456 +00.991 +00.590         +00.156 +00.991 +00.590 
-003.659  1.0     0.0    36.0    16.0    +01.30                  +01.    
-01.    -01.    +01.28  +00.65  24.0
+01.0   +01.0   +03.0   +01.0   +50.0   
1001000000200000    36S(d,p)@ 16MeV    1398 keV  0d3/2 bound ZR
90.     0.0     1.     
+30+01+02+03
+00.30  +000.0   +50.0          0.7
+016.000  2.0     1.0    36.0    16.0    001.303                  2.0    
+01.    -92.976 +01.150 +00.761         -01.602 +01.335 +00.525 
+02.    +00.000 +00.000 +00.000         +42.340 +01.380 +00.736 
-04.    -14.228 +00.972 +01.011         +00.000 +00.000 +00.000 
+000.681  1.0     1.0    37.0    16.0    001.292                 +01.    
+01.    -56.249 +01.182 +00.672         -00.786 +01.182 +00.672 
+02.    +00.000 +00.000 +00.000         +34.836 +01.290 +00.538 
-04.    -22.456 +00.991 +00.590         +00.156 +00.991 +00.590 
-002.906  1.0     0.0    36.0    16.0    +01.30                  +01.    
-01.    -01.    +01.28  +00.65  24.0
+00.0   +02.0   +03.0   +01.0   +50.0   
1001000000200000    36S(d,p)@ 16MeV    1991 keV  1p3/2 bound ZR
90.     0.0     1.     
+30+01+01+03
+00.30  +000.0   +50.0          0.7
+016.000  2.0     1.0    36.0    16.0    001.303                  2.0    
+01.    -92.976 +01.150 +00.761         -01.602 +01.335 +00.525 
+02.    +00.000 +00.000 +00.000         +42.340 +01.380 +00.736 
-04.    -14.228 +00.972 +01.011         +00.000 +00.000 +00.000 
+000.088  1.0     1.0    37.0    16.0    001.292                 +01.    
+01.    -56.249 +01.182 +00.672         -00.786 +01.182 +00.672 
+02.    +00.000 +00.000 +00.000         +34.836 +01.290 +00.538 
-04.    -22.456 +00.991 +00.590         +00.156 +00.991 +00.590 
-002.313  1.0     0.0    36.0    16.0    +01.30                  +01.    
-01.    -01.    +01.28  +00.65  24.0
+01.0   +01.0   +03.0   +01.0   +50.0   
1001000000200000    36S(d,p)@ 16MeV    2023 keV  0f7/2 bound ZR
90.     0.0     1.     
+30+01+03+07
+00.30  +000.0   +50.0          0.7
+016.000  2.0     1.0    36.0    16.0    001.303                  2.0    
+01.    -92.976 +01.150 +00.761         -01.602 +01.335 +00.525 
+02.    +00.000 +00.000 +00.000         +42.340 +01.380 +00.736 
-04.    -14.228 +00.972 +01.011         +00.000 +00.000 +00.000 
+000.056  1.0     1.0    37.0    16.0    001.292                 +01.    
+01.    -56.249 +01.182 +00.672         -00.786 +01.182 +00.672 
+02.    +00.000 +00.000 +00.000         +34.836 +01.290 +00.538 
-04.    -22.456 +00.991 +00.590         +00.156 +00.991 +00.590 
-002.281  1.0     0.0    36.0    16.0    +01.30                  +01.    
-01.    -01.    +01.28  +00.65  24.0
+00.0   +03.0   +07.0   +01.0   +50.0   
1001000000200000    36S(d,p)@ 16MeV    2514 keV  0f5/2 bound ZR
90.     0.0     1.     
+30+01+03+05
+00.30  +000.0   +50.0          0.7
+016.000  2.0     1.0    36.0    16.0    001.303                  2.0    
+01.    -92.976 +01.150 +00.761         -01.602 +01.335 +00.525 
+02.    +00.000 +00.000 +00.000         +42.340 +01.380 +00.736 
-04.    -14.228 +00.972 +01.011         +00.000 +00.000 +00.000 
-000.435  1.0     1.0    37.0    16.0    001.292                 +01.    
+01.    -56.249 +01.182 +00.672         -00.786 +01.182 +00.672 
+02.    +00.000 +00.000 +00.000         +34.836 +01.290 +00.538 
-04.    -22.456 +00.991 +00.590         +00.156 +00.991 +00.590 
-001.790  1.0     0.0    36.0    16.0    +01.30                  +01.    
-01.    -01.    +01.28  +00.65  24.0
+00.0   +03.0   +05.0   +01.0   +50.0   
1001000000200000    36S(d,p)@ 16MeV    2637 keV  1p1/2 bound ZR
90.     0.0     1.     
+30+01+01+01
+00.30  +000.0   +50.0          0.7
+016.000  2.0     1.0    36.0    16.0    001.303                  2.0    
+01.    -92.976 +01.150 +00.761         -01.602 +01.335 +00.525 
+02.    +00.000 +00.000 +00.000         +42.340 +01.380 +00.736 
-04.    -14.228 +00.972 +01.011         +00.000 +00.000 +00.000 
-000.558  1.0     1.0    37.0    16.0    001.292                 +01.    
+01.    -56.249 +01.182 +00.672         -00.786 +01.182 +00.672 
+02.    +00.000 +00.000 +00.000         +34.836 +01.290 +00.538 
-04.    -22.456 +00.991 +00.590         +00.156 +00.991 +00.590 
-001.667  1.0     0.0    36.0    16.0    +01.30                  +01.    
-01.    -01.    +01.28  +00.65  24.0
+01.0   +01.0   +01.0   +01.0   +50.0   
1001000000200000    36S(d,p)@ 16MeV    2776 keV  0f7/2 bound ZR
90.     0.0     1.     
+30+01+03+07
+00.30  +000.0   +50.0          0.7
+016.000  2.0     1.0    36.0    16.0    001.303                  2.0    
+01.    -92.976 +01.150 +00.761         -01.602 +01.335 +00.525 
+02.    +00.000 +00.000 +00.000         +42.340 +01.380 +00.736 
-04.    -14.228 +00.972 +01.011         +00.000 +00.000 +00.000 
-000.697  1.0     1.0    37.0    16.0    001.292                 +01.    
+01.    -56.249 +01.182 +00.672         -00.786 +01.182 +00.672 
+02.    +00.000 +00.000 +00.000         +34.836 +01.290 +00.538 
-04.    -22.456 +00.991 +00.590         +00.156 +00.991 +00.590 
-001.528  1.0     0.0    36.0    16.0    +01.30                  +01.    
-01.    -01.    +01.28  +00.65  24.0
+00.0   +03.0   +07.0   +01.0   +50.0   
1001000000200000    36S(d,p)@ 16MeV    3120 keV  0g9/2 bound ZR
90.     0.0     1.     
+30+01+04+09
+00.30  +000.0   +50.0          0.7
+016.000  2.0     1.0    36.0    16.0    001.303                  2.0    
+01.    -92.976 +01.150 +00.761         -01.602 +01.335 +00.525 
+02.    +00.000 +00.000 +00.000         +42.340 +01.380 +00.736 
-04.    -14.228 +00.972 +01.011         +00.000 +00.000 +00.000 
-001.041  1.0     1.0    37.0    16.0    001.292                 +01.    
+01.    -56.249 +01.182 +00.672         -00.786 +01.182 +00.672 
+02.    +00.000 +00.000 +00.000         +34.836 +01.290 +00.538 
-04.    -22.456 +00.991 +00.590         +00.156 +00.991 +00.590 
-001.184  1.0     0.0    36.0    16.0    +01.30                  +01.    
-01.    -01.    +01.28  +00.65  24.0
+00.0   +04.0   +09.0   +01.0   +50.0   
1001000000200000    36S(d,p)@ 16MeV    3180 keV  0d3/2 bound ZR
90.     0.0     1.     
+30+01+02+03
+00.30  +000.0   +50.0          0.7
+016.000  2.0     1.0    36.0    16.0    001.303                  2.0    
+01.    -92.976 +01.150 +00.761         -01.602 +01.335 +00.525 
+02.    +00.000 +00.000 +00.000         +42.340 +01.380 +00.736 
-04.    -14.228 +00.972 +01.011         +00.000 +00.000 +00.000 
-001.101  1.0     1.0    37.0    16.0    001.292                 +01.    
+01.    -56.249 +01.182 +00.672         -00.786 +01.182 +00.672 
+02.    +00.000 +00.000 +00.000         +34.836 +01.290 +00.538 
-04.    -22.456 +00.991 +00.590         +00.156 +00.991 +00.590 
-001.124  1.0     0.0    36.0    16.0    +01.30                  +01.    
-01.    -01.    +01.28  +00.65  24.0
+00.0   +02.0   +03.0   +01.0   +50.0   
1001000000200000    36S(d,p)@ 16MeV    3262 keV  1p3/2 bound ZR
90.     0.0     1.     
+30+01+01+03
+00.30  +000.0   +50.0          0.7
+016.000  2.0     1.0    36.0    16.0    001.303                  2.0    
+01.    -92.976 +01.150 +00.761         -01.602 +01.335 +00.525 
+02.    +00.000 +00.000 +00.000         +42.340 +01.380 +00.736 
-04.    -14.228 +00.972 +01.011         +00.000 +00.000 +00.000 
-001.183  1.0     1.0    37.0    16.0    001.292                 +01.    
+01.    -56.249 +01.182 +00.672         -00.786 +01.182 +00.672 
+02.    +00.000 +00.000 +00.000         +34.836 +01.290 +00.538 
-04.    -22.456 +00.991 +00.590         +00.156 +00.991 +00.590 
-001.042  1.0     0.0    36.0    16.0    +01.30                  +01.    
-01.    -01.    +01.28  +00.65  24.0
+01.0   +01.0   +03.0   +01.0   +50.0   
1001000000200000    36S(d,p)@ 16MeV    3355 keV  0d3/2 bound ZR
90.     0.0     1.     
+30+01+02+03
+00.30  +000.0   +50.0          0.7
+016.000  2.0     1.0    36.0    16.0    001.303                  2.0    
+01.    -92.976 +01.150 +00.761         -01.602 +01.335 +00.525 
+02.    +00.000 +00.000 +00.000         +42.340 +01.380 +00.736 
-04.    -14.228 +00.972 +01.011         +00.000 +00.000 +00.000 
-001.276  1.0     1.0    37.0    16.0    001.292                 +01.    
+01.    -56.249 +01.182 +00.672         -00.786 +01.182 +00.672 
+02.    +00.000 +00.000 +00.000         +34.836 +01.290 +00.538 
-04.    -22.456 +00.991 +00.590         +00.156 +00.991 +00.590 
-000.949  1.0     0.0    36.0    16.0    +01.30                  +01.    
-01.    -01.    +01.28  +00.65  24.0
+00.0   +02.0   +03.0   +01.0   +50.0   
1001000000200000    36S(d,p)@ 16MeV    3442 keV  0f7/2 bound ZR
90.     0.0     1.     
+30+01+03+07
+00.30  +000.0   +50.0          0.7
+016.000  2.0     1.0    36.0    16.0    001.303                  2.0    
+01.    -92.976 +01.150 +00.761         -01.602 +01.335 +00.525 
+02.    +00.000 +00.000 +00.000         +42.340 +01.380 +00.736 
-04.    -14.228 +00.972 +01.011         +00.000 +00.000 +00.000 
-001.363  1.0     1.0    37.0    16.0    001.292                 +01.    
+01.    -56.249 +01.182 +00.672         -00.786 +01.182 +00.672 
+02.    +00.000 +00.000 +00.000         +34.836 +01.290 +00.538 
-04.    -22.456 +00.991 +00.590         +00.156 +00.991 +00.590 
-000.862  1.0     0.0    36.0    16.0    +01.30                  +01.    
-01.    -01.    +01.28  +00.65  24.0
+00.0   +03.0   +07.0   +01.0   +50.0   
9                   END OF DATA for DWUCK4
