1001000000200000    36S(d,p)@ 16MeV    0 keV  0f7/2 bound ZR                     
+90.    +00.    +01.                                                            
+30+01+03+07                                                                    
+00.10  +00.    +050.                                                           
+016.000  2.0     1.0    36.0    16.0    001.303                  2.0            
+01.    -92.976 +01.150 +00.761         -01.602 +01.335 +00.525 
+02.    +00.000 +00.000 +00.000         +42.340 +01.380 +00.736 
-04.    -14.228 +00.972 +01.011         +00.000 +00.000 +00.000 
+02.079  1.0     1.0    37.0    16.0    001.292                 +01.            
+01.    -56.249 +01.182 +00.672         -00.786 +01.182 +00.672 
+02.    +00.000 +00.000 +00.000         +34.836 +01.290 +00.538 
-04.    -22.456 +00.991 +00.590         +00.156 +00.991 +00.590 
-04.304  1.0     0.0    36.0    16.0    +01.30                  +01.            
-01.    -01.    +01.28  +00.65  24.0                                            
+00.    +03.    +07.    +01.    +50.0   +00.    +00.00                          
1001000000200000    36S(d,p)@ 16MeV    645 keV  1p3/2 bound ZR                   
+90.    +00.    +01.                                                            
+30+01+01+03                                                                    
+00.10  +00.    +050.                                                           
+016.000  2.0     1.0    36.0    16.0    001.303                  2.0            
+01.    -92.976 +01.150 +00.761         -01.602 +01.335 +00.525 
+02.    +00.000 +00.000 +00.000         +43.430 +01.380 +00.736 
-04.    -14.228 +00.972 +01.011         +00.000 +00.000 +00.000 
+01.434  1.0     1.0    37.0    16.0    001.292                 +01.            
+01.    -56.510 +01.182 +00.672         -00.838 +01.182 +00.672 
+02.    +00.000 +00.000 +00.000         +35.104 +01.290 +00.538 
-04.    -22.456 +00.991 +00.590         +00.168 +00.991 +00.590 
-03.659  1.0     0.0    36.0    16.0    +01.30                  +01.            
-01.    -01.    +01.28  +00.65  24.0                                            
+01.    +01.    +03.    +01.    +50.0   +00.    +00.00                          
1001000000200000    36S(d,p)@ 16MeV    1398 keV  0d3/2 bound ZR                  
+90.    +00.    +01.                                                            
+30+01+02+03                                                                    
+00.10  +00.    +050.                                                           
+016.000  2.0     1.0    36.0    16.0    001.303                  2.0            
+01.    -92.976 +01.150 +00.761         -01.602 +01.335 +00.525 
+02.    +00.000 +00.000 +00.000         +44.703 +01.380 +00.736 
-04.    -14.228 +00.972 +01.011         +00.000 +00.000 +00.000 
+00.681  1.0     1.0    37.0    16.0    001.292                 +01.            
+01.    -56.815 +01.182 +00.672         -00.899 +01.182 +00.672 
+02.    +00.000 +00.000 +00.000         +35.416 +01.290 +00.538 
-04.    -22.456 +00.991 +00.590         +00.183 +00.991 +00.590 
-02.906  1.0     0.0    36.0    16.0    +01.30                  +01.            
-01.    -01.    +01.28  +00.65  24.0                                            
+00.    +02.    +03.    +01.    +50.0   +00.    +00.00                          
1001000000200000    36S(d,p)@ 16MeV    1991 keV  1p3/2 bound ZR                  
+90.    +00.    +01.                                                            
+30+01+01+03                                                                    
+00.10  +00.    +050.                                                           
+016.000  2.0     1.0    36.0    16.0    001.303                  2.0            
+01.    -92.976 +01.150 +00.761         -01.602 +01.335 +00.525 
+02.    +00.000 +00.000 +00.000         +45.705 +01.380 +00.736 
-04.    -14.228 +00.972 +01.011         +00.000 +00.000 +00.000 
+00.088  1.0     1.0    37.0    16.0    001.292                 +01.            
+01.    -57.055 +01.182 +00.672         -00.947 +01.182 +00.672 
+02.    +00.000 +00.000 +00.000         +35.662 +01.290 +00.538 
-04.    -22.456 +00.991 +00.590         +00.194 +00.991 +00.590 
-02.313  1.0     0.0    36.0    16.0    +01.30                  +01.            
-01.    -01.    +01.28  +00.65  24.0                                            
+01.    +01.    +03.    +01.    +50.0   +00.    +00.00                          
1001000000200000    36S(d,p)@ 16MeV    2023 keV  0f7/2 bound ZR                  
+90.    +00.    +01.                                                            
+30+01+03+07                                                                    
+00.10  +00.    +050.                                                           
+016.000  2.0     1.0    36.0    16.0    001.303                  2.0            
+01.    -92.976 +01.150 +00.761         -01.602 +01.335 +00.525 
+02.    +00.000 +00.000 +00.000         +45.759 +01.380 +00.736 
-04.    -14.228 +00.972 +01.011         +00.000 +00.000 +00.000 
+00.056  1.0     1.0    37.0    16.0    001.292                 +01.            
+01.    -57.068 +01.182 +00.672         -00.950 +01.182 +00.672 
+02.    +00.000 +00.000 +00.000         +35.676 +01.290 +00.538 
-04.    -22.456 +00.991 +00.590         +00.194 +00.991 +00.590 
-02.281  1.0     0.0    36.0    16.0    +01.30                  +01.            
-01.    -01.    +01.28  +00.65  24.0                                            
+00.    +03.    +07.    +01.    +50.0   +00.    +00.00                          
1001000000200000    36S(d,p)@ 16MeV    2514 keV  0f5/2 bound ZR                  
+90.    +00.    +01.                                                            
+30+01+03+05                                                                    
+00.10  +00.    +050.                                                           
+016.000  2.0     1.0    36.0    16.0    001.303                  2.0            
+01.    -92.976 +01.150 +00.761         -01.602 +01.335 +00.525 
+02.    +00.000 +00.000 +00.000         +46.589 +01.380 +00.736 
-04.    -14.228 +00.972 +01.011         +00.000 +00.000 +00.000 
-00.435  1.0     1.0    37.0    16.0    001.292                 +01.            
+01.    -57.267 +01.182 +00.672         -00.990 +01.182 +00.672 
+02.    +00.000 +00.000 +00.000         +35.879 +01.290 +00.538 
-04.    -22.456 +00.991 +00.590         +00.204 +00.991 +00.590 
-01.790  1.0     0.0    36.0    16.0    +01.30                  +01.            
-01.    -01.    +01.28  +00.65  24.0                                            
+00.    +03.    +05.    +01.    +50.0   +00.    +00.00                          
1001000000200000    36S(d,p)@ 16MeV    2637 keV  1p1/2 bound ZR                  
+90.    +00.    +01.                                                            
+30+01+01+01                                                                    
+00.10  +00.    +050.                                                           
+016.000  2.0     1.0    36.0    16.0    001.303                  2.0            
+01.    -92.976 +01.150 +00.761         -01.602 +01.335 +00.525 
+02.    +00.000 +00.000 +00.000         +46.797 +01.380 +00.736 
-04.    -14.228 +00.972 +01.011         +00.000 +00.000 +00.000 
-00.558  1.0     1.0    37.0    16.0    001.292                 +01.            
+01.    -57.317 +01.182 +00.672         -01.000 +01.182 +00.672 
+02.    +00.000 +00.000 +00.000         +35.930 +01.290 +00.538 
-04.    -22.456 +00.991 +00.590         +00.206 +00.991 +00.590 
-01.667  1.0     0.0    36.0    16.0    +01.30                  +01.            
-01.    -01.    +01.28  +00.65  24.0                                            
+01.    +01.    +01.    +01.    +50.0   +00.    +00.00                          
1001000000200000    36S(d,p)@ 16MeV    2776 keV  0f7/2 bound ZR                  
+90.    +00.    +01.                                                            
+30+01+03+07                                                                    
+00.10  +00.    +050.                                                           
+016.000  2.0     1.0    36.0    16.0    001.303                  2.0            
+01.    -92.976 +01.150 +00.761         -01.602 +01.335 +00.525 
+02.    +00.000 +00.000 +00.000         +47.031 +01.380 +00.736 
-04.    -14.228 +00.972 +01.011         +00.000 +00.000 +00.000 
-00.697  1.0     1.0    37.0    16.0    001.292                 +01.            
+01.    -57.373 +01.182 +00.672         -01.011 +01.182 +00.672 
+02.    +00.000 +00.000 +00.000         +35.988 +01.290 +00.538 
-04.    -22.456 +00.991 +00.590         +00.209 +00.991 +00.590 
-01.528  1.0     0.0    36.0    16.0    +01.30                  +01.            
-01.    -01.    +01.28  +00.65  24.0                                            
+00.    +03.    +07.    +01.    +50.0   +00.    +00.00                          
1001000000200000    36S(d,p)@ 16MeV    3120 keV  0g9/2 bound ZR                  
+90.    +00.    +01.                                                            
+30+01+04+09                                                                    
+00.10  +00.    +050.                                                           
+016.000  2.0     1.0    36.0    16.0    001.303                  2.0            
+01.    -92.976 +01.150 +00.761         -01.602 +01.335 +00.525 
+02.    +00.000 +00.000 +00.000         +47.613 +01.380 +00.736 
-04.    -14.228 +00.972 +01.011         +00.000 +00.000 +00.000 
-01.041  1.0     1.0    37.0    16.0    001.292                 +01.            
+01.    -57.513 +01.182 +00.672         -01.039 +01.182 +00.672 
+02.    +00.000 +00.000 +00.000         +36.131 +01.290 +00.538 
-04.    -22.456 +00.991 +00.590         +00.215 +00.991 +00.590 
-01.184  1.0     0.0    36.0    16.0    +01.30                  +01.            
-01.    -01.    +01.28  +00.65  24.0                                            
+00.    +04.    +09.    +01.    +50.0   +00.    +00.00                          
1001000000200000    36S(d,p)@ 16MeV    3180 keV  0d3/2 bound ZR                  
+90.    +00.    +01.                                                            
+30+01+02+03                                                                    
+00.10  +00.    +050.                                                           
+016.000  2.0     1.0    36.0    16.0    001.303                  2.0            
+01.    -92.976 +01.150 +00.761         -01.602 +01.335 +00.525 
+02.    +00.000 +00.000 +00.000         +47.714 +01.380 +00.736 
-04.    -14.228 +00.972 +01.011         +00.000 +00.000 +00.000 
-01.101  1.0     1.0    37.0    16.0    001.292                 +01.            
+01.    -57.537 +01.182 +00.672         -01.044 +01.182 +00.672 
+02.    +00.000 +00.000 +00.000         +36.156 +01.290 +00.538 
-04.    -22.456 +00.991 +00.590         +00.216 +00.991 +00.590 
-01.124  1.0     0.0    36.0    16.0    +01.30                  +01.            
-01.    -01.    +01.28  +00.65  24.0                                            
+00.    +02.    +03.    +01.    +50.0   +00.    +00.00                          
1001000000200000    36S(d,p)@ 16MeV    3262 keV  1p3/2 bound ZR                  
+90.    +00.    +01.                                                            
+30+01+01+03                                                                    
+00.10  +00.    +050.                                                           
+016.000  2.0     1.0    36.0    16.0    001.303                  2.0            
+01.    -92.976 +01.150 +00.761         -01.602 +01.335 +00.525 
+02.    +00.000 +00.000 +00.000         +47.853 +01.380 +00.736 
-04.    -14.228 +00.972 +01.011         +00.000 +00.000 +00.000 
-01.183  1.0     1.0    37.0    16.0    001.292                 +01.            
+01.    -57.570 +01.182 +00.672         -01.050 +01.182 +00.672 
+02.    +00.000 +00.000 +00.000         +36.190 +01.290 +00.538 
-04.    -22.456 +00.991 +00.590         +00.218 +00.991 +00.590 
-01.042  1.0     0.0    36.0    16.0    +01.30                  +01.            
-01.    -01.    +01.28  +00.65  24.0                                            
+01.    +01.    +03.    +01.    +50.0   +00.    +00.00                          
1001000000200000    36S(d,p)@ 16MeV    3355 keV  0d3/2 bound ZR                  
+90.    +00.    +01.                                                            
+30+01+02+03                                                                    
+00.10  +00.    +050.                                                           
+016.000  2.0     1.0    36.0    16.0    001.303                  2.0            
+01.    -92.976 +01.150 +00.761         -01.602 +01.335 +00.525 
+02.    +00.000 +00.000 +00.000         +48.010 +01.380 +00.736 
-04.    -14.228 +00.972 +01.011         +00.000 +00.000 +00.000 
-01.276  1.0     1.0    37.0    16.0    001.292                 +01.            
+01.    -57.608 +01.182 +00.672         -01.058 +01.182 +00.672 
+02.    +00.000 +00.000 +00.000         +36.228 +01.290 +00.538 
-04.    -22.456 +00.991 +00.590         +00.220 +00.991 +00.590 
-00.949  1.0     0.0    36.0    16.0    +01.30                  +01.            
-01.    -01.    +01.28  +00.65  24.0                                            
+00.    +02.    +03.    +01.    +50.0   +00.    +00.00                          
1001000000200000    36S(d,p)@ 16MeV    3442 keV  0f7/2 bound ZR                  
+90.    +00.    +01.                                                            
+30+01+03+07                                                                    
+00.10  +00.    +050.                                                           
+016.000  2.0     1.0    36.0    16.0    001.303                  2.0            
+01.    -92.976 +01.150 +00.761         -01.602 +01.335 +00.525 
+02.    +00.000 +00.000 +00.000         +48.157 +01.380 +00.736 
-04.    -14.228 +00.972 +01.011         +00.000 +00.000 +00.000 
-01.363  1.0     1.0    37.0    16.0    001.292                 +01.            
+01.    -57.643 +01.182 +00.672         -01.065 +01.182 +00.672 
+02.    +00.000 +00.000 +00.000         +36.264 +01.290 +00.538 
-04.    -22.456 +00.991 +00.590         +00.221 +00.991 +00.590 
-00.862  1.0     0.0    36.0    16.0    +01.30                  +01.            
-01.    -01.    +01.28  +00.65  24.0                                            
+00.    +03.    +07.    +01.    +50.0   +00.    +00.00                          
1001000000200000    36S(d,p)@ 16MeV    3493 keV  1p3/2 bound ZR                  
+90.    +00.    +01.                                                            
+30+01+01+03                                                                    
+00.10  +00.    +050.                                                           
+016.000  2.0     1.0    36.0    16.0    001.303                  2.0            
+01.    -92.976 +01.150 +00.761         -01.602 +01.335 +00.525 
+02.    +00.000 +00.000 +00.000         +48.243 +01.380 +00.736 
-04.    -14.228 +00.972 +01.011         +00.000 +00.000 +00.000 
-01.414  1.0     1.0    37.0    16.0    001.292                 +01.            
+01.    -57.664 +01.182 +00.672         -01.069 +01.182 +00.672 
+02.    +00.000 +00.000 +00.000         +36.286 +01.290 +00.538 
-04.    -22.456 +00.991 +00.590         +00.222 +00.991 +00.590 
-00.811  1.0     0.0    36.0    16.0    +01.30                  +01.            
-01.    -01.    +01.28  +00.65  24.0                                            
+01.    +01.    +03.    +01.    +50.0   +00.    +00.00                          
1001000000200000    36S(d,p)@ 16MeV    3605 keV  0f7/2 bound ZR                  
+90.    +00.    +01.                                                            
+30+01+03+07                                                                    
+00.10  +00.    +050.                                                           
+016.000  2.0     1.0    36.0    16.0    001.303                  2.0            
+01.    -92.976 +01.150 +00.761         -01.602 +01.335 +00.525 
+02.    +00.000 +00.000 +00.000         +48.432 +01.380 +00.736 
-04.    -14.228 +00.972 +01.011         +00.000 +00.000 +00.000 
-01.526  1.0     1.0    37.0    16.0    001.292                 +01.            
+01.    -57.709 +01.182 +00.672         -01.078 +01.182 +00.672 
+02.    +00.000 +00.000 +00.000         +36.332 +01.290 +00.538 
-04.    -22.456 +00.991 +00.590         +00.224 +00.991 +00.590 
-00.699  1.0     0.0    36.0    16.0    +01.30                  +01.            
-01.    -01.    +01.28  +00.65  24.0                                            
+00.    +03.    +07.    +01.    +50.0   +00.    +00.00                          
1001000000200000    36S(d,p)@ 16MeV    3666 keV  0d3/2 bound ZR                  
+90.    +00.    +01.                                                            
+30+01+02+03                                                                    
+00.10  +00.    +050.                                                           
+016.000  2.0     1.0    36.0    16.0    001.303                  2.0            
+01.    -92.976 +01.150 +00.761         -01.602 +01.335 +00.525 
+02.    +00.000 +00.000 +00.000         +48.536 +01.380 +00.736 
-04.    -14.228 +00.972 +01.011         +00.000 +00.000 +00.000 
-01.587  1.0     1.0    37.0    16.0    001.292                 +01.            
+01.    -57.734 +01.182 +00.672         -01.083 +01.182 +00.672 
+02.    +00.000 +00.000 +00.000         +36.357 +01.290 +00.538 
-04.    -22.456 +00.991 +00.590         +00.226 +00.991 +00.590 
-00.638  1.0     0.0    36.0    16.0    +01.30                  +01.            
-01.    -01.    +01.28  +00.65  24.0                                            
+00.    +02.    +03.    +01.    +50.0   +00.    +00.00                          
1001000000200000    36S(d,p)@ 16MeV    4005 keV  1p1/2 bound ZR                  
+90.    +00.    +01.                                                            
+30+01+01+01                                                                    
+00.10  +00.    +050.                                                           
+016.000  2.0     1.0    36.0    16.0    001.303                  2.0            
+01.    -92.976 +01.150 +00.761         -01.602 +01.335 +00.525 
+02.    +00.000 +00.000 +00.000         +49.108 +01.380 +00.736 
-04.    -14.228 +00.972 +01.011         +00.000 +00.000 +00.000 
-01.926  1.0     1.0    37.0    16.0    001.292                 +01.            
+01.    -57.871 +01.182 +00.672         -01.110 +01.182 +00.672 
+02.    +00.000 +00.000 +00.000         +36.498 +01.290 +00.538 
-04.    -22.456 +00.991 +00.590         +00.232 +00.991 +00.590 
-00.299  1.0     0.0    36.0    16.0    +01.30                  +01.            
-01.    -01.    +01.28  +00.65  24.0                                            
+01.    +01.    +01.    +01.    +50.0   +00.    +00.00                          
1001000000200000    36S(d,p)@ 16MeV    4072 keV  1p3/2 bound ZR                  
+90.    +00.    +01.                                                            
+30+01+01+03                                                                    
+00.10  +00.    +050.                                                           
+016.000  2.0     1.0    36.0    16.0    001.303                  2.0            
+01.    -92.976 +01.150 +00.761         -01.602 +01.335 +00.525 
+02.    +00.000 +00.000 +00.000         +49.222 +01.380 +00.736 
-04.    -14.228 +00.972 +01.011         +00.000 +00.000 +00.000 
-01.993  1.0     1.0    37.0    16.0    001.292                 +01.            
+01.    -57.898 +01.182 +00.672         -01.116 +01.182 +00.672 
+02.    +00.000 +00.000 +00.000         +36.526 +01.290 +00.538 
-04.    -22.456 +00.991 +00.590         +00.233 +00.991 +00.590 
-00.232  1.0     0.0    36.0    16.0    +01.30                  +01.            
-01.    -01.    +01.28  +00.65  24.0                                            
+01.    +01.    +03.    +01.    +50.0   +00.    +00.00                          
1001000000200000    36S(d,p)@ 16MeV    4147 keV  1p1/2 bound ZR                  
+90.    +00.    +01.                                                            
+30+01+01+01                                                                    
+00.10  +00.    +050.                                                           
+016.000  2.0     1.0    36.0    16.0    001.303                  2.0            
+01.    -92.976 +01.150 +00.761         -01.602 +01.335 +00.525 
+02.    +00.000 +00.000 +00.000         +49.348 +01.380 +00.736 
-04.    -14.228 +00.972 +01.011         +00.000 +00.000 +00.000 
-02.068  1.0     1.0    37.0    16.0    001.292                 +01.            
+01.    -57.929 +01.182 +00.672         -01.122 +01.182 +00.672 
+02.    +00.000 +00.000 +00.000         +36.557 +01.290 +00.538 
-04.    -22.456 +00.991 +00.590         +00.235 +00.991 +00.590 
-00.157  1.0     0.0    36.0    16.0    +01.30                  +01.            
-01.    -01.    +01.28  +00.65  24.0                                            
+01.    +01.    +01.    +01.    +50.0   +00.    +00.00                          
1001000000200000    36S(d,p)@ 16MeV    4226 keV  0f5/2 bound ZR                  
+90.    +00.    +01.                                                            
+30+01+03+05                                                                    
+00.10  +00.    +050.                                                           
+016.000  2.0     1.0    36.0    16.0    001.303                  2.0            
+01.    -92.976 +01.150 +00.761         -01.602 +01.335 +00.525 
+02.    +00.000 +00.000 +00.000         +49.482 +01.380 +00.736 
-04.    -14.228 +00.972 +01.011         +00.000 +00.000 +00.000 
-02.147  1.0     1.0    37.0    16.0    001.292                 +01.            
+01.    -57.961 +01.182 +00.672         -01.128 +01.182 +00.672 
+02.    +00.000 +00.000 +00.000         +36.590 +01.290 +00.538 
-04.    -22.456 +00.991 +00.590         +00.236 +00.991 +00.590 
-00.078  1.0     0.0    36.0    16.0    +01.30                  +01.            
-01.    -01.    +01.28  +00.65  24.0                                            
+00.    +03.    +05.    +01.    +50.0   +00.    +00.00                          
1011000030000000    36S(d,p)@ 16MeV    4368 keV  0f5/2 unbound ZR                
+90.    +00.    +01.                                                            
+15+01+03+05                                                                    
+00.10  +00.    -015.                                                           
+016.000  2.0     1.0    36.0    16.0    001.303                  2.0            
+01.    -92.976 +01.150 +00.761         -01.602 +01.335 +00.525 
+02.    +00.000 +00.000 +00.000         +49.722 +01.380 +00.736 
-04.    -14.228 +00.972 +01.011         +00.000 +00.000 +00.000 
-02.289  1.0     1.0    37.0    16.0    001.292                 +01.            
+01.    -58.018 +01.182 +00.672         -01.140 +01.182 +00.672 
+02.    +00.000 +00.000 +00.000         +36.649 +01.290 +00.538 
-04.    -22.456 +00.991 +00.590         +00.239 +00.991 +00.590 
+00.064  1.0     0.0    36.0    16.0    +01.30                  +01.            
-01.    -01.    +01.28  +00.65  24.0                                            
+00.    +03.    +05.    +01.    +50.0   +00.    +00.00                          
1011000030000000    36S(d,p)@ 16MeV    4411 keV  0f5/2 unbound ZR                
+90.    +00.    +01.                                                            
+15+01+03+05                                                                    
+00.10  +00.    -015.                                                           
+016.000  2.0     1.0    36.0    16.0    001.303                  2.0            
+01.    -92.976 +01.150 +00.761         -01.602 +01.335 +00.525 
+02.    +00.000 +00.000 +00.000         +49.795 +01.380 +00.736 
-04.    -14.228 +00.972 +01.011         +00.000 +00.000 +00.000 
-02.332  1.0     1.0    37.0    16.0    001.292                 +01.            
+01.    -58.035 +01.182 +00.672         -01.143 +01.182 +00.672 
+02.    +00.000 +00.000 +00.000         +36.667 +01.290 +00.538 
-04.    -22.456 +00.991 +00.590         +00.240 +00.991 +00.590 
+00.107  1.0     0.0    36.0    16.0    +01.30                  +01.            
-01.    -01.    +01.28  +00.65  24.0                                            
+00.    +03.    +05.    +01.    +50.0   +00.    +00.00                          
1011000030000000    36S(d,p)@ 16MeV    4492 keV  1p3/2 unbound ZR                
+90.    +00.    +01.                                                            
+15+01+01+03                                                                    
+00.10  +00.    -015.                                                           
+016.000  2.0     1.0    36.0    16.0    001.303                  2.0            
+01.    -92.976 +01.150 +00.761         -01.602 +01.335 +00.525 
+02.    +00.000 +00.000 +00.000         +49.931 +01.380 +00.736 
-04.    -14.228 +00.972 +01.011         +00.000 +00.000 +00.000 
-02.413  1.0     1.0    37.0    16.0    001.292                 +01.            
+01.    -58.068 +01.182 +00.672         -01.150 +01.182 +00.672 
+02.    +00.000 +00.000 +00.000         +36.700 +01.290 +00.538 
-04.    -22.456 +00.991 +00.590         +00.241 +00.991 +00.590 
+00.188  1.0     0.0    36.0    16.0    +01.30                  +01.            
-01.    -01.    +01.28  +00.65  24.0                                            
+01.    +01.    +03.    +01.    +50.0   +00.    +00.00                          
1011000030000000    36S(d,p)@ 16MeV    4458 keV  1p3/2 unbound ZR                
+90.    +00.    +01.                                                            
+15+01+01+03                                                                    
+00.10  +00.    -015.                                                           
+016.000  2.0     1.0    36.0    16.0    001.303                  2.0            
+01.    -92.976 +01.150 +00.761         -01.602 +01.335 +00.525 
+02.    +00.000 +00.000 +00.000         +49.874 +01.380 +00.736 
-04.    -14.228 +00.972 +01.011         +00.000 +00.000 +00.000 
-02.379  1.0     1.0    37.0    16.0    001.292                 +01.            
+01.    -58.054 +01.182 +00.672         -01.147 +01.182 +00.672 
+02.    +00.000 +00.000 +00.000         +36.686 +01.290 +00.538 
-04.    -22.456 +00.991 +00.590         +00.241 +00.991 +00.590 
+00.154  1.0     0.0    36.0    16.0    +01.30                  +01.            
-01.    -01.    +01.28  +00.65  24.0                                            
+01.    +01.    +03.    +01.    +50.0   +00.    +00.00                          
1011000030000000    36S(d,p)@ 16MeV    4675 keV  0f5/2 unbound ZR                
+90.    +00.    +01.                                                            
+15+01+03+05                                                                    
+00.10  +00.    -015.                                                           
+016.000  2.0     1.0    36.0    16.0    001.303                  2.0            
+01.    -92.976 +01.150 +00.761         -01.602 +01.335 +00.525 
+02.    +00.000 +00.000 +00.000         +50.241 +01.380 +00.736 
-04.    -14.228 +00.972 +01.011         +00.000 +00.000 +00.000 
-02.596  1.0     1.0    37.0    16.0    001.292                 +01.            
+01.    -58.142 +01.182 +00.672         -01.165 +01.182 +00.672 
+02.    +00.000 +00.000 +00.000         +36.776 +01.290 +00.538 
-04.    -22.456 +00.991 +00.590         +00.245 +00.991 +00.590 
+00.371  1.0     0.0    36.0    16.0    +01.30                  +01.            
-01.    -01.    +01.28  +00.65  24.0                                            
+00.    +03.    +05.    +01.    +50.0   +00.    +00.00                          
1011000030000000    36S(d,p)@ 16MeV    4812 keV  1p3/2 unbound ZR                
+90.    +00.    +01.                                                            
+15+01+01+03                                                                    
+00.10  +00.    -015.                                                           
+016.000  2.0     1.0    36.0    16.0    001.303                  2.0            
+01.    -92.976 +01.150 +00.761         -01.602 +01.335 +00.525 
+02.    +00.000 +00.000 +00.000         +50.472 +01.380 +00.736 
-04.    -14.228 +00.972 +01.011         +00.000 +00.000 +00.000 
-02.733  1.0     1.0    37.0    16.0    001.292                 +01.            
+01.    -58.198 +01.182 +00.672         -01.176 +01.182 +00.672 
+02.    +00.000 +00.000 +00.000         +36.833 +01.290 +00.538 
-04.    -22.456 +00.991 +00.590         +00.247 +00.991 +00.590 
+00.508  1.0     0.0    36.0    16.0    +01.30                  +01.            
-01.    -01.    +01.28  +00.65  24.0                                            
+01.    +01.    +03.    +01.    +50.0   +00.    +00.00                          
1011000030000000    36S(d,p)@ 16MeV    4858 keV  0f5/2 unbound ZR                
+90.    +00.    +01.                                                            
+15+01+03+05                                                                    
+00.10  +00.    -015.                                                           
+016.000  2.0     1.0    36.0    16.0    001.303                  2.0            
+01.    -92.976 +01.150 +00.761         -01.602 +01.335 +00.525 
+02.    +00.000 +00.000 +00.000         +50.550 +01.380 +00.736 
-04.    -14.228 +00.972 +01.011         +00.000 +00.000 +00.000 
-02.779  1.0     1.0    37.0    16.0    001.292                 +01.            
+01.    -58.216 +01.182 +00.672         -01.179 +01.182 +00.672 
+02.    +00.000 +00.000 +00.000         +36.852 +01.290 +00.538 
-04.    -22.456 +00.991 +00.590         +00.248 +00.991 +00.590 
+00.554  1.0     0.0    36.0    16.0    +01.30                  +01.            
-01.    -01.    +01.28  +00.65  24.0                                            
+00.    +03.    +05.    +01.    +50.0   +00.    +00.00                          
1011000030000000    36S(d,p)@ 16MeV    4882 keV  0f5/2 unbound ZR                
+90.    +00.    +01.                                                            
+15+01+03+05                                                                    
+00.10  +00.    -015.                                                           
+016.000  2.0     1.0    36.0    16.0    001.303                  2.0            
+01.    -92.976 +01.150 +00.761         -01.602 +01.335 +00.525 
+02.    +00.000 +00.000 +00.000         +50.591 +01.380 +00.736 
-04.    -14.228 +00.972 +01.011         +00.000 +00.000 +00.000 
-02.803  1.0     1.0    37.0    16.0    001.292                 +01.            
+01.    -58.226 +01.182 +00.672         -01.181 +01.182 +00.672 
+02.    +00.000 +00.000 +00.000         +36.862 +01.290 +00.538 
-04.    -22.456 +00.991 +00.590         +00.249 +00.991 +00.590 
+00.578  1.0     0.0    36.0    16.0    +01.30                  +01.            
-01.    -01.    +01.28  +00.65  24.0                                            
+00.    +03.    +05.    +01.    +50.0   +00.    +00.00                          
1011000030000000    36S(d,p)@ 16MeV    4893 keV  1p3/2 unbound ZR                
+90.    +00.    +01.                                                            
+15+01+01+03                                                                    
+00.10  +00.    -015.                                                           
+016.000  2.0     1.0    36.0    16.0    001.303                  2.0            
+01.    -92.976 +01.150 +00.761         -01.602 +01.335 +00.525 
+02.    +00.000 +00.000 +00.000         +50.609 +01.380 +00.736 
-04.    -14.228 +00.972 +01.011         +00.000 +00.000 +00.000 
-02.814  1.0     1.0    37.0    16.0    001.292                 +01.            
+01.    -58.231 +01.182 +00.672         -01.182 +01.182 +00.672 
+02.    +00.000 +00.000 +00.000         +36.867 +01.290 +00.538 
-04.    -22.456 +00.991 +00.590         +00.249 +00.991 +00.590 
+00.589  1.0     0.0    36.0    16.0    +01.30                  +01.            
-01.    -01.    +01.28  +00.65  24.0                                            
+01.    +01.    +03.    +01.    +50.0   +00.    +00.00                          
1011000030000000    36S(d,p)@ 16MeV    5054 keV  0g9/2 unbound ZR                
+90.    +00.    +01.                                                            
+15+01+04+09                                                                    
+00.10  +00.    -015.                                                           
+016.000  2.0     1.0    36.0    16.0    001.303                  2.0            
+01.    -92.976 +01.150 +00.761         -01.602 +01.335 +00.525 
+02.    +00.000 +00.000 +00.000         +50.881 +01.380 +00.736 
-04.    -14.228 +00.972 +01.011         +00.000 +00.000 +00.000 
-02.975  1.0     1.0    37.0    16.0    001.292                 +01.            
+01.    -58.296 +01.182 +00.672         -01.195 +01.182 +00.672 
+02.    +00.000 +00.000 +00.000         +36.933 +01.290 +00.538 
-04.    -22.456 +00.991 +00.590         +00.252 +00.991 +00.590 
+00.750  1.0     0.0    36.0    16.0    +01.30                  +01.            
-01.    -01.    +01.28  +00.65  24.0                                            
+00.    +04.    +09.    +01.    +50.0   +00.    +00.00                          
1011000030000000    36S(d,p)@ 16MeV    5090 keV  0g9/2 unbound ZR                
+90.    +00.    +01.                                                            
+15+01+04+09                                                                    
+00.10  +00.    -015.                                                           
+016.000  2.0     1.0    36.0    16.0    001.303                  2.0            
+01.    -92.976 +01.150 +00.761         -01.602 +01.335 +00.525 
+02.    +00.000 +00.000 +00.000         +50.942 +01.380 +00.736 
-04.    -14.228 +00.972 +01.011         +00.000 +00.000 +00.000 
-03.011  1.0     1.0    37.0    16.0    001.292                 +01.            
+01.    -58.310 +01.182 +00.672         -01.198 +01.182 +00.672 
+02.    +00.000 +00.000 +00.000         +36.948 +01.290 +00.538 
-04.    -22.456 +00.991 +00.590         +00.253 +00.991 +00.590 
+00.786  1.0     0.0    36.0    16.0    +01.30                  +01.            
-01.    -01.    +01.28  +00.65  24.0                                            
+00.    +04.    +09.    +01.    +50.0   +00.    +00.00                          
1011000030000000    36S(d,p)@ 16MeV    5122 keV  0g9/2 unbound ZR                
+90.    +00.    +01.                                                            
+15+01+04+09                                                                    
+00.10  +00.    -015.                                                           
+016.000  2.0     1.0    36.0    16.0    001.303                  2.0            
+01.    -92.976 +01.150 +00.761         -01.602 +01.335 +00.525 
+02.    +00.000 +00.000 +00.000         +50.996 +01.380 +00.736 
-04.    -14.228 +00.972 +01.011         +00.000 +00.000 +00.000 
-03.043  1.0     1.0    37.0    16.0    001.292                 +01.            
+01.    -58.323 +01.182 +00.672         -01.201 +01.182 +00.672 
+02.    +00.000 +00.000 +00.000         +36.962 +01.290 +00.538 
-04.    -22.456 +00.991 +00.590         +00.253 +00.991 +00.590 
+00.818  1.0     0.0    36.0    16.0    +01.30                  +01.            
-01.    -01.    +01.28  +00.65  24.0                                            
+00.    +04.    +09.    +01.    +50.0   +00.    +00.00                          
1011000030000000    36S(d,p)@ 16MeV    5505 keV  0f5/2 unbound ZR                
+90.    +00.    +01.                                                            
+15+01+03+05                                                                    
+00.10  +00.    -015.                                                           
+016.000  2.0     1.0    36.0    16.0    001.303                  2.0            
+01.    -92.976 +01.150 +00.761         -01.602 +01.335 +00.525 
+02.    +00.000 +00.000 +00.000         +51.643 +01.380 +00.736 
-04.    -14.228 +00.972 +01.011         +00.000 +00.000 +00.000 
-03.426  1.0     1.0    37.0    16.0    001.292                 +01.            
+01.    -58.479 +01.182 +00.672         -01.232 +01.182 +00.672 
+02.    +00.000 +00.000 +00.000         +37.121 +01.290 +00.538 
-04.    -22.456 +00.991 +00.590         +00.261 +00.991 +00.590 
+01.201  1.0     0.0    36.0    16.0    +01.30                  +01.            
-01.    -01.    +01.28  +00.65  24.0                                            
+00.    +03.    +05.    +01.    +50.0   +00.    +00.00                          
1011000030000000    36S(d,p)@ 16MeV    5666 keV  0f5/2 unbound ZR                
+90.    +00.    +01.                                                            
+15+01+03+05                                                                    
+00.10  +00.    -015.                                                           
+016.000  2.0     1.0    36.0    16.0    001.303                  2.0            
+01.    -92.976 +01.150 +00.761         -01.602 +01.335 +00.525 
+02.    +00.000 +00.000 +00.000         +51.916 +01.380 +00.736 
-04.    -14.228 +00.972 +01.011         +00.000 +00.000 +00.000 
-03.587  1.0     1.0    37.0    16.0    001.292                 +01.            
+01.    -58.544 +01.182 +00.672         -01.245 +01.182 +00.672 
+02.    +00.000 +00.000 +00.000         +37.187 +01.290 +00.538 
-04.    -22.456 +00.991 +00.590         +00.264 +00.991 +00.590 
+01.362  1.0     0.0    36.0    16.0    +01.30                  +01.            
-01.    -01.    +01.28  +00.65  24.0                                            
+00.    +03.    +05.    +01.    +50.0   +00.    +00.00                          
1011000030000000    36S(d,p)@ 16MeV    5720 keV  0f5/2 unbound ZR                
+90.    +00.    +01.                                                            
+15+01+03+05                                                                    
+00.10  +00.    -015.                                                           
+016.000  2.0     1.0    36.0    16.0    001.303                  2.0            
+01.    -92.976 +01.150 +00.761         -01.602 +01.335 +00.525 
+02.    +00.000 +00.000 +00.000         +52.007 +01.380 +00.736 
-04.    -14.228 +00.972 +01.011         +00.000 +00.000 +00.000 
-03.641  1.0     1.0    37.0    16.0    001.292                 +01.            
+01.    -58.566 +01.182 +00.672         -01.249 +01.182 +00.672 
+02.    +00.000 +00.000 +00.000         +37.210 +01.290 +00.538 
-04.    -22.456 +00.991 +00.590         +00.265 +00.991 +00.590 
+01.416  1.0     0.0    36.0    16.0    +01.30                  +01.            
-01.    -01.    +01.28  +00.65  24.0                                            
+00.    +03.    +05.    +01.    +50.0   +00.    +00.00                          
1011000030000000    36S(d,p)@ 16MeV    6150 keV  0f5/2 unbound ZR                
+90.    +00.    +01.                                                            
+15+01+03+05                                                                    
+00.10  +00.    -015.                                                           
+016.000  2.0     1.0    36.0    16.0    001.303                  2.0            
+01.    -92.976 +01.150 +00.761         -01.602 +01.335 +00.525 
+02.    +00.000 +00.000 +00.000         +52.734 +01.380 +00.736 
-04.    -14.228 +00.972 +01.011         +00.000 +00.000 +00.000 
-04.071  1.0     1.0    37.0    16.0    001.292                 +01.            
+01.    -58.740 +01.182 +00.672         -01.284 +01.182 +00.672 
+02.    +00.000 +00.000 +00.000         +37.388 +01.290 +00.538 
-04.    -22.456 +00.991 +00.590         +00.273 +00.991 +00.590 
+01.846  1.0     0.0    36.0    16.0    +01.30                  +01.            
-01.    -01.    +01.28  +00.65  24.0                                            
+00.    +03.    +05.    +01.    +50.0   +00.    +00.00                          
1011000030000000    36S(d,p)@ 16MeV    6408 keV  0f5/2 unbound ZR                
+90.    +00.    +01.                                                            
+15+01+03+05                                                                    
+00.10  +00.    -015.                                                           
+016.000  2.0     1.0    36.0    16.0    001.303                  2.0            
+01.    -92.976 +01.150 +00.761         -01.602 +01.335 +00.525 
+02.    +00.000 +00.000 +00.000         +53.170 +01.380 +00.736 
-04.    -14.228 +00.972 +01.011         +00.000 +00.000 +00.000 
-04.329  1.0     1.0    37.0    16.0    001.292                 +01.            
+01.    -58.844 +01.182 +00.672         -01.305 +01.182 +00.672 
+02.    +00.000 +00.000 +00.000         +37.495 +01.290 +00.538 
-04.    -22.456 +00.991 +00.590         +00.278 +00.991 +00.590 
+02.104  1.0     0.0    36.0    16.0    +01.30                  +01.            
-01.    -01.    +01.28  +00.65  24.0                                            
+00.    +03.    +05.    +01.    +50.0   +00.    +00.00                          
1011000030000000    36S(d,p)@ 16MeV    6550 keV  0f5/2 unbound ZR                
+90.    +00.    +01.                                                            
+15+01+03+05                                                                    
+00.10  +00.    -015.                                                           
+016.000  2.0     1.0    36.0    16.0    001.303                  2.0            
+01.    -92.976 +01.150 +00.761         -01.602 +01.335 +00.525 
+02.    +00.000 +00.000 +00.000         +53.410 +01.380 +00.736 
-04.    -14.228 +00.972 +01.011         +00.000 +00.000 +00.000 
-04.471  1.0     1.0    37.0    16.0    001.292                 +01.            
+01.    -58.902 +01.182 +00.672         -01.317 +01.182 +00.672 
+02.    +00.000 +00.000 +00.000         +37.554 +01.290 +00.538 
-04.    -22.456 +00.991 +00.590         +00.280 +00.991 +00.590 
+02.246  1.0     0.0    36.0    16.0    +01.30                  +01.            
-01.    -01.    +01.28  +00.65  24.0                                            
+00.    +03.    +05.    +01.    +50.0   +00.    +00.00                          
1011000030000000    36S(d,p)@ 16MeV    6732 keV  0f5/2 unbound ZR                
+90.    +00.    +01.                                                            
+15+01+03+05                                                                    
+00.10  +00.    -015.                                                           
+016.000  2.0     1.0    36.0    16.0    001.303                  2.0            
+01.    -92.976 +01.150 +00.761         -01.602 +01.335 +00.525 
+02.    +00.000 +00.000 +00.000         +53.717 +01.380 +00.736 
-04.    -14.228 +00.972 +01.011         +00.000 +00.000 +00.000 
-04.653  1.0     1.0    37.0    16.0    001.292                 +01.            
+01.    -58.975 +01.182 +00.672         -01.331 +01.182 +00.672 
+02.    +00.000 +00.000 +00.000         +37.630 +01.290 +00.538 
-04.    -22.456 +00.991 +00.590         +00.284 +00.991 +00.590 
+02.428  1.0     0.0    36.0    16.0    +01.30                  +01.            
-01.    -01.    +01.28  +00.65  24.0                                            
+00.    +03.    +05.    +01.    +50.0   +00.    +00.00                          
1011000030000000    36S(d,p)@ 16MeV    6775 keV  0f5/2 unbound ZR                
+90.    +00.    +01.                                                            
+15+01+03+05                                                                    
+00.10  +00.    -015.                                                           
+016.000  2.0     1.0    36.0    16.0    001.303                  2.0            
+01.    -92.976 +01.150 +00.761         -01.602 +01.335 +00.525 
+02.    +00.000 +00.000 +00.000         +53.790 +01.380 +00.736 
-04.    -14.228 +00.972 +01.011         +00.000 +00.000 +00.000 
-04.696  1.0     1.0    37.0    16.0    001.292                 +01.            
+01.    -58.993 +01.182 +00.672         -01.335 +01.182 +00.672 
+02.    +00.000 +00.000 +00.000         +37.648 +01.290 +00.538 
-04.    -22.456 +00.991 +00.590         +00.285 +00.991 +00.590 
+02.471  1.0     0.0    36.0    16.0    +01.30                  +01.            
-01.    -01.    +01.28  +00.65  24.0                                            
+00.    +03.    +05.    +01.    +50.0   +00.    +00.00                          
9                   END OF DATA for DWUCK4
