1001000000200000    36S(d,p)@ 8MeV    0 keV  0f7/2 bound ZR
90.     0.0     1.     
+30+01+03+07
+00.30  +000.0   +50.0          0.7
+08.000  2.0     1.0    36.0    16.0    001.303                  2.0    
+01.    -92.976 +01.150 +00.761         -01.602 +01.335 +00.525 
+02.    +00.000 +00.000 +00.000         +42.340 +01.380 +00.736 
-04.    -14.228 +00.972 +01.011         +00.000 +00.000 +00.000 
+002.079  1.0     1.0    37.0    16.0    001.292                 +01.    
+01.    -56.249 +01.182 +00.672         -00.786 +01.182 +00.672 
+02.    +00.000 +00.000 +00.000         +34.836 +01.290 +00.538 
-04.    -22.456 +00.991 +00.590         +00.156 +00.991 +00.590 
-004.304  1.0     0.0    36.0    16.0    +01.30                  +01.    
-01.    -01.    +01.28  +00.65  24.0
+00.0   +03.0   +07.0   +01.0   +50.0   
1001000000200000    36S(d,p)@ 8MeV    645 keV  1p3/2 bound ZR
90.     0.0     1.     
+30+01+01+03
+00.30  +000.0   +50.0          0.7
+08.000  2.0     1.0    36.0    16.0    001.303                  2.0    
+01.    -92.976 +01.150 +00.761         -01.602 +01.335 +00.525 
+02.    +00.000 +00.000 +00.000         +43.430 +01.380 +00.736 
-04.    -14.228 +00.972 +01.011         +00.000 +00.000 +00.000 
+001.434  1.0     1.0    37.0    16.0    001.292                 +01.    
+01.    -56.510 +01.182 +00.672         -00.838 +01.182 +00.672 
+02.    +00.000 +00.000 +00.000         +35.104 +01.290 +00.538 
-04.    -22.456 +00.991 +00.590         +00.168 +00.991 +00.590 
-003.659  1.0     0.0    36.0    16.0    +01.30                  +01.    
-01.    -01.    +01.28  +00.65  24.0
+01.0   +01.0   +03.0   +01.0   +50.0   
1001000000200000    36S(d,p)@ 8MeV    1398 keV  0d3/2 bound ZR
90.     0.0     1.     
+30+01+02+03
+00.30  +000.0   +50.0          0.7
+08.000  2.0     1.0    36.0    16.0    001.303                  2.0    
+01.    -92.976 +01.150 +00.761         -01.602 +01.335 +00.525 
+02.    +00.000 +00.000 +00.000         +44.703 +01.380 +00.736 
-04.    -14.228 +00.972 +01.011         +00.000 +00.000 +00.000 
+000.681  1.0     1.0    37.0    16.0    001.292                 +01.    
+01.    -56.815 +01.182 +00.672         -00.899 +01.182 +00.672 
+02.    +00.000 +00.000 +00.000         +35.416 +01.290 +00.538 
-04.    -22.456 +00.991 +00.590         +00.183 +00.991 +00.590 
-002.906  1.0     0.0    36.0    16.0    +01.30                  +01.    
-01.    -01.    +01.28  +00.65  24.0
+00.0   +02.0   +03.0   +01.0   +50.0   
1001000000200000    36S(d,p)@ 8MeV    1991 keV  1p3/2 bound ZR
90.     0.0     1.     
+30+01+01+03
+00.30  +000.0   +50.0          0.7
+08.000  2.0     1.0    36.0    16.0    001.303                  2.0    
+01.    -92.976 +01.150 +00.761         -01.602 +01.335 +00.525 
+02.    +00.000 +00.000 +00.000         +45.705 +01.380 +00.736 
-04.    -14.228 +00.972 +01.011         +00.000 +00.000 +00.000 
+000.088  1.0     1.0    37.0    16.0    001.292                 +01.    
+01.    -57.055 +01.182 +00.672         -00.947 +01.182 +00.672 
+02.    +00.000 +00.000 +00.000         +35.662 +01.290 +00.538 
-04.    -22.456 +00.991 +00.590         +00.194 +00.991 +00.590 
-002.313  1.0     0.0    36.0    16.0    +01.30                  +01.    
-01.    -01.    +01.28  +00.65  24.0
+01.0   +01.0   +03.0   +01.0   +50.0   
1001000000200000    36S(d,p)@ 8MeV    2023 keV  0f7/2 bound ZR
90.     0.0     1.     
+30+01+03+07
+00.30  +000.0   +50.0          0.7
+08.000  2.0     1.0    36.0    16.0    001.303                  2.0    
+01.    -92.976 +01.150 +00.761         -01.602 +01.335 +00.525 
+02.    +00.000 +00.000 +00.000         +45.759 +01.380 +00.736 
-04.    -14.228 +00.972 +01.011         +00.000 +00.000 +00.000 
+000.056  1.0     1.0    37.0    16.0    001.292                 +01.    
+01.    -57.068 +01.182 +00.672         -00.950 +01.182 +00.672 
+02.    +00.000 +00.000 +00.000         +35.676 +01.290 +00.538 
-04.    -22.456 +00.991 +00.590         +00.194 +00.991 +00.590 
-002.281  1.0     0.0    36.0    16.0    +01.30                  +01.    
-01.    -01.    +01.28  +00.65  24.0
+00.0   +03.0   +07.0   +01.0   +50.0   
1001000000200000    36S(d,p)@ 8MeV    2514 keV  0f5/2 bound ZR
90.     0.0     1.     
+30+01+03+05
+00.30  +000.0   +50.0          0.7
+08.000  2.0     1.0    36.0    16.0    001.303                  2.0    
+01.    -92.976 +01.150 +00.761         -01.602 +01.335 +00.525 
+02.    +00.000 +00.000 +00.000         +46.589 +01.380 +00.736 
-04.    -14.228 +00.972 +01.011         +00.000 +00.000 +00.000 
-000.435  1.0     1.0    37.0    16.0    001.292                 +01.    
+01.    -57.267 +01.182 +00.672         -00.990 +01.182 +00.672 
+02.    +00.000 +00.000 +00.000         +35.879 +01.290 +00.538 
-04.    -22.456 +00.991 +00.590         +00.204 +00.991 +00.590 
-001.790  1.0     0.0    36.0    16.0    +01.30                  +01.    
-01.    -01.    +01.28  +00.65  24.0
+00.0   +03.0   +05.0   +01.0   +50.0   
1001000000200000    36S(d,p)@ 8MeV    2637 keV  1p1/2 bound ZR
90.     0.0     1.     
+30+01+01+01
+00.30  +000.0   +50.0          0.7
+08.000  2.0     1.0    36.0    16.0    001.303                  2.0    
+01.    -92.976 +01.150 +00.761         -01.602 +01.335 +00.525 
+02.    +00.000 +00.000 +00.000         +46.797 +01.380 +00.736 
-04.    -14.228 +00.972 +01.011         +00.000 +00.000 +00.000 
-000.558  1.0     1.0    37.0    16.0    001.292                 +01.    
+01.    -57.317 +01.182 +00.672         -01.000 +01.182 +00.672 
+02.    +00.000 +00.000 +00.000         +35.930 +01.290 +00.538 
-04.    -22.456 +00.991 +00.590         +00.206 +00.991 +00.590 
-001.667  1.0     0.0    36.0    16.0    +01.30                  +01.    
-01.    -01.    +01.28  +00.65  24.0
+01.0   +01.0   +01.0   +01.0   +50.0   
1001000000200000    36S(d,p)@ 8MeV    2776 keV  0f7/2 bound ZR
90.     0.0     1.     
+30+01+03+07
+00.30  +000.0   +50.0          0.7
+08.000  2.0     1.0    36.0    16.0    001.303                  2.0    
+01.    -92.976 +01.150 +00.761         -01.602 +01.335 +00.525 
+02.    +00.000 +00.000 +00.000         +47.031 +01.380 +00.736 
-04.    -14.228 +00.972 +01.011         +00.000 +00.000 +00.000 
-000.697  1.0     1.0    37.0    16.0    001.292                 +01.    
+01.    -57.373 +01.182 +00.672         -01.011 +01.182 +00.672 
+02.    +00.000 +00.000 +00.000         +35.988 +01.290 +00.538 
-04.    -22.456 +00.991 +00.590         +00.209 +00.991 +00.590 
-001.528  1.0     0.0    36.0    16.0    +01.30                  +01.    
-01.    -01.    +01.28  +00.65  24.0
+00.0   +03.0   +07.0   +01.0   +50.0   
1001000000200000    36S(d,p)@ 8MeV    3120 keV  0g9/2 bound ZR
90.     0.0     1.     
+30+01+04+09
+00.30  +000.0   +50.0          0.7
+08.000  2.0     1.0    36.0    16.0    001.303                  2.0    
+01.    -92.976 +01.150 +00.761         -01.602 +01.335 +00.525 
+02.    +00.000 +00.000 +00.000         +47.613 +01.380 +00.736 
-04.    -14.228 +00.972 +01.011         +00.000 +00.000 +00.000 
-001.041  1.0     1.0    37.0    16.0    001.292                 +01.    
+01.    -57.513 +01.182 +00.672         -01.039 +01.182 +00.672 
+02.    +00.000 +00.000 +00.000         +36.131 +01.290 +00.538 
-04.    -22.456 +00.991 +00.590         +00.215 +00.991 +00.590 
-001.184  1.0     0.0    36.0    16.0    +01.30                  +01.    
-01.    -01.    +01.28  +00.65  24.0
+00.0   +04.0   +09.0   +01.0   +50.0   
1001000000200000    36S(d,p)@ 8MeV    3180 keV  0d3/2 bound ZR
90.     0.0     1.     
+30+01+02+03
+00.30  +000.0   +50.0          0.7
+08.000  2.0     1.0    36.0    16.0    001.303                  2.0    
+01.    -92.976 +01.150 +00.761         -01.602 +01.335 +00.525 
+02.    +00.000 +00.000 +00.000         +47.714 +01.380 +00.736 
-04.    -14.228 +00.972 +01.011         +00.000 +00.000 +00.000 
-001.101  1.0     1.0    37.0    16.0    001.292                 +01.    
+01.    -57.537 +01.182 +00.672         -01.044 +01.182 +00.672 
+02.    +00.000 +00.000 +00.000         +36.156 +01.290 +00.538 
-04.    -22.456 +00.991 +00.590         +00.216 +00.991 +00.590 
-001.124  1.0     0.0    36.0    16.0    +01.30                  +01.    
-01.    -01.    +01.28  +00.65  24.0
+00.0   +02.0   +03.0   +01.0   +50.0   
1001000000200000    36S(d,p)@ 8MeV    3262 keV  1p3/2 bound ZR
90.     0.0     1.     
+30+01+01+03
+00.30  +000.0   +50.0          0.7
+08.000  2.0     1.0    36.0    16.0    001.303                  2.0    
+01.    -92.976 +01.150 +00.761         -01.602 +01.335 +00.525 
+02.    +00.000 +00.000 +00.000         +47.853 +01.380 +00.736 
-04.    -14.228 +00.972 +01.011         +00.000 +00.000 +00.000 
-001.183  1.0     1.0    37.0    16.0    001.292                 +01.    
+01.    -57.570 +01.182 +00.672         -01.050 +01.182 +00.672 
+02.    +00.000 +00.000 +00.000         +36.190 +01.290 +00.538 
-04.    -22.456 +00.991 +00.590         +00.218 +00.991 +00.590 
-001.042  1.0     0.0    36.0    16.0    +01.30                  +01.    
-01.    -01.    +01.28  +00.65  24.0
+01.0   +01.0   +03.0   +01.0   +50.0   
1001000000200000    36S(d,p)@ 8MeV    3355 keV  0d3/2 bound ZR
90.     0.0     1.     
+30+01+02+03
+00.30  +000.0   +50.0          0.7
+08.000  2.0     1.0    36.0    16.0    001.303                  2.0    
+01.    -92.976 +01.150 +00.761         -01.602 +01.335 +00.525 
+02.    +00.000 +00.000 +00.000         +48.010 +01.380 +00.736 
-04.    -14.228 +00.972 +01.011         +00.000 +00.000 +00.000 
-001.276  1.0     1.0    37.0    16.0    001.292                 +01.    
+01.    -57.608 +01.182 +00.672         -01.058 +01.182 +00.672 
+02.    +00.000 +00.000 +00.000         +36.228 +01.290 +00.538 
-04.    -22.456 +00.991 +00.590         +00.220 +00.991 +00.590 
-000.949  1.0     0.0    36.0    16.0    +01.30                  +01.    
-01.    -01.    +01.28  +00.65  24.0
+00.0   +02.0   +03.0   +01.0   +50.0   
1001000000200000    36S(d,p)@ 8MeV    3442 keV  0f7/2 bound ZR
90.     0.0     1.     
+30+01+03+07
+00.30  +000.0   +50.0          0.7
+08.000  2.0     1.0    36.0    16.0    001.303                  2.0    
+01.    -92.976 +01.150 +00.761         -01.602 +01.335 +00.525 
+02.    +00.000 +00.000 +00.000         +48.157 +01.380 +00.736 
-04.    -14.228 +00.972 +01.011         +00.000 +00.000 +00.000 
-001.363  1.0     1.0    37.0    16.0    001.292                 +01.    
+01.    -57.643 +01.182 +00.672         -01.065 +01.182 +00.672 
+02.    +00.000 +00.000 +00.000         +36.264 +01.290 +00.538 
-04.    -22.456 +00.991 +00.590         +00.221 +00.991 +00.590 
-000.862  1.0     0.0    36.0    16.0    +01.30                  +01.    
-01.    -01.    +01.28  +00.65  24.0
+00.0   +03.0   +07.0   +01.0   +50.0   
1001000000200000    36S(d,p)@ 8MeV    3493 keV  1p3/2 bound ZR
90.     0.0     1.     
+30+01+01+03
+00.30  +000.0   +50.0          0.7
+08.000  2.0     1.0    36.0    16.0    001.303                  2.0    
+01.    -92.976 +01.150 +00.761         -01.602 +01.335 +00.525 
+02.    +00.000 +00.000 +00.000         +48.243 +01.380 +00.736 
-04.    -14.228 +00.972 +01.011         +00.000 +00.000 +00.000 
-001.414  1.0     1.0    37.0    16.0    001.292                 +01.    
+01.    -57.664 +01.182 +00.672         -01.069 +01.182 +00.672 
+02.    +00.000 +00.000 +00.000         +36.286 +01.290 +00.538 
-04.    -22.456 +00.991 +00.590         +00.222 +00.991 +00.590 
-000.811  1.0     0.0    36.0    16.0    +01.30                  +01.    
-01.    -01.    +01.28  +00.65  24.0
+01.0   +01.0   +03.0   +01.0   +50.0   
1001000000200000    36S(d,p)@ 8MeV    3605 keV  0f7/2 bound ZR
90.     0.0     1.     
+30+01+03+07
+00.30  +000.0   +50.0          0.7
+08.000  2.0     1.0    36.0    16.0    001.303                  2.0    
+01.    -92.976 +01.150 +00.761         -01.602 +01.335 +00.525 
+02.    +00.000 +00.000 +00.000         +48.432 +01.380 +00.736 
-04.    -14.228 +00.972 +01.011         +00.000 +00.000 +00.000 
-001.526  1.0     1.0    37.0    16.0    001.292                 +01.    
+01.    -57.709 +01.182 +00.672         -01.078 +01.182 +00.672 
+02.    +00.000 +00.000 +00.000         +36.332 +01.290 +00.538 
-04.    -22.456 +00.991 +00.590         +00.224 +00.991 +00.590 
-000.699  1.0     0.0    36.0    16.0    +01.30                  +01.    
-01.    -01.    +01.28  +00.65  24.0
+00.0   +03.0   +07.0   +01.0   +50.0   
1001000000200000    36S(d,p)@ 8MeV    3666 keV  0d3/2 bound ZR
90.     0.0     1.     
+30+01+02+03
+00.30  +000.0   +50.0          0.7
+08.000  2.0     1.0    36.0    16.0    001.303                  2.0    
+01.    -92.976 +01.150 +00.761         -01.602 +01.335 +00.525 
+02.    +00.000 +00.000 +00.000         +48.536 +01.380 +00.736 
-04.    -14.228 +00.972 +01.011         +00.000 +00.000 +00.000 
-001.587  1.0     1.0    37.0    16.0    001.292                 +01.    
+01.    -57.734 +01.182 +00.672         -01.083 +01.182 +00.672 
+02.    +00.000 +00.000 +00.000         +36.357 +01.290 +00.538 
-04.    -22.456 +00.991 +00.590         +00.226 +00.991 +00.590 
-000.638  1.0     0.0    36.0    16.0    +01.30                  +01.    
-01.    -01.    +01.28  +00.65  24.0
+00.0   +02.0   +03.0   +01.0   +50.0   
1001000000200000    36S(d,p)@ 8MeV    4005 keV  1p1/2 bound ZR
90.     0.0     1.     
+30+01+01+01
+00.30  +000.0   +50.0          0.7
+08.000  2.0     1.0    36.0    16.0    001.303                  2.0    
+01.    -92.976 +01.150 +00.761         -01.602 +01.335 +00.525 
+02.    +00.000 +00.000 +00.000         +49.108 +01.380 +00.736 
-04.    -14.228 +00.972 +01.011         +00.000 +00.000 +00.000 
-001.926  1.0     1.0    37.0    16.0    001.292                 +01.    
+01.    -57.871 +01.182 +00.672         -01.110 +01.182 +00.672 
+02.    +00.000 +00.000 +00.000         +36.498 +01.290 +00.538 
-04.    -22.456 +00.991 +00.590         +00.232 +00.991 +00.590 
-000.299  1.0     0.0    36.0    16.0    +01.30                  +01.    
-01.    -01.    +01.28  +00.65  24.0
+01.0   +01.0   +01.0   +01.0   +50.0   
1001000000200000    36S(d,p)@ 8MeV    4072 keV  1p3/2 bound ZR
90.     0.0     1.     
+30+01+01+03
+00.30  +000.0   +50.0          0.7
+08.000  2.0     1.0    36.0    16.0    001.303                  2.0    
+01.    -92.976 +01.150 +00.761         -01.602 +01.335 +00.525 
+02.    +00.000 +00.000 +00.000         +49.100 +01.380 +00.736 
-04.    -14.228 +00.972 +01.011         +00.000 +00.000 +00.000 
-001.921  1.0     1.0    37.0    16.0    001.292                 +01.    
+01.    -57.869 +01.182 +00.672         -01.110 +01.182 +00.672 
+02.    +00.000 +00.000 +00.000         +36.496 +01.290 +00.538 
-04.    -22.456 +00.991 +00.590         +00.232 +00.991 +00.590 
-000.232  1.0     0.0    36.0    16.0    +01.30                  +01.    
-01.    -01.    +01.28  +00.65  24.0
+01.0   +01.0   +03.0   +01.0   +50.0   
1001000000200000    36S(d,p)@ 8MeV    4147 keV  1p1/2 bound ZR
90.     0.0     1.     
+30+01+01+01
+00.30  +000.0   +50.0          0.7
+08.000  2.0     1.0    36.0    16.0    001.303                  2.0    
+01.    -92.976 +01.150 +00.761         -01.602 +01.335 +00.525 
+02.    +00.000 +00.000 +00.000         +49.100 +01.380 +00.736 
-04.    -14.228 +00.972 +01.011         +00.000 +00.000 +00.000 
-001.921  1.0     1.0    37.0    16.0    001.292                 +01.    
+01.    -57.869 +01.182 +00.672         -01.110 +01.182 +00.672 
+02.    +00.000 +00.000 +00.000         +36.496 +01.290 +00.538 
-04.    -22.456 +00.991 +00.590         +00.232 +00.991 +00.590 
-000.157  1.0     0.0    36.0    16.0    +01.30                  +01.    
-01.    -01.    +01.28  +00.65  24.0
+01.0   +01.0   +01.0   +01.0   +50.0   
1001000000200000    36S(d,p)@ 8MeV    4226 keV  0f5/2 bound ZR
90.     0.0     1.     
+30+01+03+05
+00.30  +000.0   +50.0          0.7
+08.000  2.0     1.0    36.0    16.0    001.303                  2.0    
+01.    -92.976 +01.150 +00.761         -01.602 +01.335 +00.525 
+02.    +00.000 +00.000 +00.000         +49.100 +01.380 +00.736 
-04.    -14.228 +00.972 +01.011         +00.000 +00.000 +00.000 
-001.921  1.0     1.0    37.0    16.0    001.292                 +01.    
+01.    -57.869 +01.182 +00.672         -01.110 +01.182 +00.672 
+02.    +00.000 +00.000 +00.000         +36.496 +01.290 +00.538 
-04.    -22.456 +00.991 +00.590         +00.232 +00.991 +00.590 
-000.078  1.0     0.0    36.0    16.0    +01.30                  +01.    
-01.    -01.    +01.28  +00.65  24.0
+00.0   +03.0   +05.0   +01.0   +50.0   
1001000000200000    36S(d,p)@ 8MeV    4368 keV  0f5/2 bound ZR
90.     0.0     1.     
+30+01+03+05
+00.30  +000.0   +50.0          0.7
+08.000  2.0     1.0    36.0    16.0    001.303                  2.0    
+01.    -92.976 +01.150 +00.761         -01.602 +01.335 +00.525 
+02.    +00.000 +00.000 +00.000         +49.100 +01.380 +00.736 
-04.    -14.228 +00.972 +01.011         +00.000 +00.000 +00.000 
-001.921  1.0     1.0    37.0    16.0    001.292                 +01.    
+01.    -57.869 +01.182 +00.672         -01.110 +01.182 +00.672 
+02.    +00.000 +00.000 +00.000         +36.496 +01.290 +00.538 
-04.    -22.456 +00.991 +00.590         +00.232 +00.991 +00.590 
+000.064  1.0     0.0    36.0    16.0    +01.30                  +01.    
-01.    -01.    +01.28  +00.65  24.0
+00.0   +03.0   +05.0   +01.0   +50.0   
1001000000200000    36S(d,p)@ 8MeV    4411 keV  0f5/2 bound ZR
90.     0.0     1.     
+30+01+03+05
+00.30  +000.0   +50.0          0.7
+08.000  2.0     1.0    36.0    16.0    001.303                  2.0    
+01.    -92.976 +01.150 +00.761         -01.602 +01.335 +00.525 
+02.    +00.000 +00.000 +00.000         +49.100 +01.380 +00.736 
-04.    -14.228 +00.972 +01.011         +00.000 +00.000 +00.000 
-001.921  1.0     1.0    37.0    16.0    001.292                 +01.    
+01.    -57.869 +01.182 +00.672         -01.110 +01.182 +00.672 
+02.    +00.000 +00.000 +00.000         +36.496 +01.290 +00.538 
-04.    -22.456 +00.991 +00.590         +00.232 +00.991 +00.590 
+000.107  1.0     0.0    36.0    16.0    +01.30                  +01.    
-01.    -01.    +01.28  +00.65  24.0
+00.0   +03.0   +05.0   +01.0   +50.0   
1001000000200000    36S(d,p)@ 8MeV    4492 keV  1p3/2 bound ZR
90.     0.0     1.     
+30+01+01+03
+00.30  +000.0   +50.0          0.7
+08.000  2.0     1.0    36.0    16.0    001.303                  2.0    
+01.    -92.976 +01.150 +00.761         -01.602 +01.335 +00.525 
+02.    +00.000 +00.000 +00.000         +49.100 +01.380 +00.736 
-04.    -14.228 +00.972 +01.011         +00.000 +00.000 +00.000 
-001.921  1.0     1.0    37.0    16.0    001.292                 +01.    
+01.    -57.869 +01.182 +00.672         -01.110 +01.182 +00.672 
+02.    +00.000 +00.000 +00.000         +36.496 +01.290 +00.538 
-04.    -22.456 +00.991 +00.590         +00.232 +00.991 +00.590 
+000.188  1.0     0.0    36.0    16.0    +01.30                  +01.    
-01.    -01.    +01.28  +00.65  24.0
+01.0   +01.0   +03.0   +01.0   +50.0   
1001000000200000    36S(d,p)@ 8MeV    4458 keV  1p3/2 bound ZR
90.     0.0     1.     
+30+01+01+03
+00.30  +000.0   +50.0          0.7
+08.000  2.0     1.0    36.0    16.0    001.303                  2.0    
+01.    -92.976 +01.150 +00.761         -01.602 +01.335 +00.525 
+02.    +00.000 +00.000 +00.000         +49.100 +01.380 +00.736 
-04.    -14.228 +00.972 +01.011         +00.000 +00.000 +00.000 
-001.921  1.0     1.0    37.0    16.0    001.292                 +01.    
+01.    -57.869 +01.182 +00.672         -01.110 +01.182 +00.672 
+02.    +00.000 +00.000 +00.000         +36.496 +01.290 +00.538 
-04.    -22.456 +00.991 +00.590         +00.232 +00.991 +00.590 
+000.154  1.0     0.0    36.0    16.0    +01.30                  +01.    
-01.    -01.    +01.28  +00.65  24.0
+01.0   +01.0   +03.0   +01.0   +50.0   
1001000000200000    36S(d,p)@ 8MeV    4675 keV  0f5/2 bound ZR
90.     0.0     1.     
+30+01+03+05
+00.30  +000.0   +50.0          0.7
+08.000  2.0     1.0    36.0    16.0    001.303                  2.0    
+01.    -92.976 +01.150 +00.761         -01.602 +01.335 +00.525 
+02.    +00.000 +00.000 +00.000         +49.100 +01.380 +00.736 
-04.    -14.228 +00.972 +01.011         +00.000 +00.000 +00.000 
-001.921  1.0     1.0    37.0    16.0    001.292                 +01.    
+01.    -57.869 +01.182 +00.672         -01.110 +01.182 +00.672 
+02.    +00.000 +00.000 +00.000         +36.496 +01.290 +00.538 
-04.    -22.456 +00.991 +00.590         +00.232 +00.991 +00.590 
+000.371  1.0     0.0    36.0    16.0    +01.30                  +01.    
-01.    -01.    +01.28  +00.65  24.0
+00.0   +03.0   +05.0   +01.0   +50.0   
1001000000200000    36S(d,p)@ 8MeV    4812 keV  1p3/2 bound ZR
90.     0.0     1.     
+30+01+01+03
+00.30  +000.0   +50.0          0.7
+08.000  2.0     1.0    36.0    16.0    001.303                  2.0    
+01.    -92.976 +01.150 +00.761         -01.602 +01.335 +00.525 
+02.    +00.000 +00.000 +00.000         +49.100 +01.380 +00.736 
-04.    -14.228 +00.972 +01.011         +00.000 +00.000 +00.000 
-001.921  1.0     1.0    37.0    16.0    001.292                 +01.    
+01.    -57.869 +01.182 +00.672         -01.110 +01.182 +00.672 
+02.    +00.000 +00.000 +00.000         +36.496 +01.290 +00.538 
-04.    -22.456 +00.991 +00.590         +00.232 +00.991 +00.590 
+000.508  1.0     0.0    36.0    16.0    +01.30                  +01.    
-01.    -01.    +01.28  +00.65  24.0
+01.0   +01.0   +03.0   +01.0   +50.0   
1001000000200000    36S(d,p)@ 8MeV    4858 keV  0f5/2 bound ZR
90.     0.0     1.     
+30+01+03+05
+00.30  +000.0   +50.0          0.7
+08.000  2.0     1.0    36.0    16.0    001.303                  2.0    
+01.    -92.976 +01.150 +00.761         -01.602 +01.335 +00.525 
+02.    +00.000 +00.000 +00.000         +49.100 +01.380 +00.736 
-04.    -14.228 +00.972 +01.011         +00.000 +00.000 +00.000 
-001.921  1.0     1.0    37.0    16.0    001.292                 +01.    
+01.    -57.869 +01.182 +00.672         -01.110 +01.182 +00.672 
+02.    +00.000 +00.000 +00.000         +36.496 +01.290 +00.538 
-04.    -22.456 +00.991 +00.590         +00.232 +00.991 +00.590 
+000.554  1.0     0.0    36.0    16.0    +01.30                  +01.    
-01.    -01.    +01.28  +00.65  24.0
+00.0   +03.0   +05.0   +01.0   +50.0   
1001000000200000    36S(d,p)@ 8MeV    4882 keV  0f5/2 bound ZR
90.     0.0     1.     
+30+01+03+05
+00.30  +000.0   +50.0          0.7
+08.000  2.0     1.0    36.0    16.0    001.303                  2.0    
+01.    -92.976 +01.150 +00.761         -01.602 +01.335 +00.525 
+02.    +00.000 +00.000 +00.000         +49.100 +01.380 +00.736 
-04.    -14.228 +00.972 +01.011         +00.000 +00.000 +00.000 
-001.921  1.0     1.0    37.0    16.0    001.292                 +01.    
+01.    -57.869 +01.182 +00.672         -01.110 +01.182 +00.672 
+02.    +00.000 +00.000 +00.000         +36.496 +01.290 +00.538 
-04.    -22.456 +00.991 +00.590         +00.232 +00.991 +00.590 
+000.578  1.0     0.0    36.0    16.0    +01.30                  +01.    
-01.    -01.    +01.28  +00.65  24.0
+00.0   +03.0   +05.0   +01.0   +50.0   
1001000000200000    36S(d,p)@ 8MeV    4893 keV  1p3/2 bound ZR
90.     0.0     1.     
+30+01+01+03
+00.30  +000.0   +50.0          0.7
+08.000  2.0     1.0    36.0    16.0    001.303                  2.0    
+01.    -92.976 +01.150 +00.761         -01.602 +01.335 +00.525 
+02.    +00.000 +00.000 +00.000         +49.100 +01.380 +00.736 
-04.    -14.228 +00.972 +01.011         +00.000 +00.000 +00.000 
-001.921  1.0     1.0    37.0    16.0    001.292                 +01.    
+01.    -57.869 +01.182 +00.672         -01.110 +01.182 +00.672 
+02.    +00.000 +00.000 +00.000         +36.496 +01.290 +00.538 
-04.    -22.456 +00.991 +00.590         +00.232 +00.991 +00.590 
+000.589  1.0     0.0    36.0    16.0    +01.30                  +01.    
-01.    -01.    +01.28  +00.65  24.0
+01.0   +01.0   +03.0   +01.0   +50.0   
1001000000200000    36S(d,p)@ 8MeV    5054 keV  0g9/2 bound ZR
90.     0.0     1.     
+30+01+04+09
+00.30  +000.0   +50.0          0.7
+08.000  2.0     1.0    36.0    16.0    001.303                  2.0    
+01.    -92.976 +01.150 +00.761         -01.602 +01.335 +00.525 
+02.    +00.000 +00.000 +00.000         +49.100 +01.380 +00.736 
-04.    -14.228 +00.972 +01.011         +00.000 +00.000 +00.000 
-001.921  1.0     1.0    37.0    16.0    001.292                 +01.    
+01.    -57.869 +01.182 +00.672         -01.110 +01.182 +00.672 
+02.    +00.000 +00.000 +00.000         +36.496 +01.290 +00.538 
-04.    -22.456 +00.991 +00.590         +00.232 +00.991 +00.590 
+000.750  1.0     0.0    36.0    16.0    +01.30                  +01.    
-01.    -01.    +01.28  +00.65  24.0
+00.0   +04.0   +09.0   +01.0   +50.0   
1001000000200000    36S(d,p)@ 8MeV    5090 keV  0g9/2 bound ZR
90.     0.0     1.     
+30+01+04+09
+00.30  +000.0   +50.0          0.7
+08.000  2.0     1.0    36.0    16.0    001.303                  2.0    
+01.    -92.976 +01.150 +00.761         -01.602 +01.335 +00.525 
+02.    +00.000 +00.000 +00.000         +49.100 +01.380 +00.736 
-04.    -14.228 +00.972 +01.011         +00.000 +00.000 +00.000 
-001.921  1.0     1.0    37.0    16.0    001.292                 +01.    
+01.    -57.869 +01.182 +00.672         -01.110 +01.182 +00.672 
+02.    +00.000 +00.000 +00.000         +36.496 +01.290 +00.538 
-04.    -22.456 +00.991 +00.590         +00.232 +00.991 +00.590 
+000.786  1.0     0.0    36.0    16.0    +01.30                  +01.    
-01.    -01.    +01.28  +00.65  24.0
+00.0   +04.0   +09.0   +01.0   +50.0   
1001000000200000    36S(d,p)@ 8MeV    5122 keV  0g9/2 bound ZR
90.     0.0     1.     
+30+01+04+09
+00.30  +000.0   +50.0          0.7
+08.000  2.0     1.0    36.0    16.0    001.303                  2.0    
+01.    -92.976 +01.150 +00.761         -01.602 +01.335 +00.525 
+02.    +00.000 +00.000 +00.000         +49.100 +01.380 +00.736 
-04.    -14.228 +00.972 +01.011         +00.000 +00.000 +00.000 
-001.921  1.0     1.0    37.0    16.0    001.292                 +01.    
+01.    -57.869 +01.182 +00.672         -01.110 +01.182 +00.672 
+02.    +00.000 +00.000 +00.000         +36.496 +01.290 +00.538 
-04.    -22.456 +00.991 +00.590         +00.232 +00.991 +00.590 
+000.818  1.0     0.0    36.0    16.0    +01.30                  +01.    
-01.    -01.    +01.28  +00.65  24.0
+00.0   +04.0   +09.0   +01.0   +50.0   
1001000000200000    36S(d,p)@ 8MeV    5505 keV  0f5/2 bound ZR
90.     0.0     1.     
+30+01+03+05
+00.30  +000.0   +50.0          0.7
+08.000  2.0     1.0    36.0    16.0    001.303                  2.0    
+01.    -92.976 +01.150 +00.761         -01.602 +01.335 +00.525 
+02.    +00.000 +00.000 +00.000         +49.100 +01.380 +00.736 
-04.    -14.228 +00.972 +01.011         +00.000 +00.000 +00.000 
-001.921  1.0     1.0    37.0    16.0    001.292                 +01.    
+01.    -57.869 +01.182 +00.672         -01.110 +01.182 +00.672 
+02.    +00.000 +00.000 +00.000         +36.496 +01.290 +00.538 
-04.    -22.456 +00.991 +00.590         +00.232 +00.991 +00.590 
+001.201  1.0     0.0    36.0    16.0    +01.30                  +01.    
-01.    -01.    +01.28  +00.65  24.0
+00.0   +03.0   +05.0   +01.0   +50.0   
1001000000200000    36S(d,p)@ 8MeV    5666 keV  0f5/2 bound ZR
90.     0.0     1.     
+30+01+03+05
+00.30  +000.0   +50.0          0.7
+08.000  2.0     1.0    36.0    16.0    001.303                  2.0    
+01.    -92.976 +01.150 +00.761         -01.602 +01.335 +00.525 
+02.    +00.000 +00.000 +00.000         +49.100 +01.380 +00.736 
-04.    -14.228 +00.972 +01.011         +00.000 +00.000 +00.000 
-001.921  1.0     1.0    37.0    16.0    001.292                 +01.    
+01.    -57.869 +01.182 +00.672         -01.110 +01.182 +00.672 
+02.    +00.000 +00.000 +00.000         +36.496 +01.290 +00.538 
-04.    -22.456 +00.991 +00.590         +00.232 +00.991 +00.590 
+001.362  1.0     0.0    36.0    16.0    +01.30                  +01.    
-01.    -01.    +01.28  +00.65  24.0
+00.0   +03.0   +05.0   +01.0   +50.0   
1001000000200000    36S(d,p)@ 8MeV    5720 keV  0f5/2 bound ZR
90.     0.0     1.     
+30+01+03+05
+00.30  +000.0   +50.0          0.7
+08.000  2.0     1.0    36.0    16.0    001.303                  2.0    
+01.    -92.976 +01.150 +00.761         -01.602 +01.335 +00.525 
+02.    +00.000 +00.000 +00.000         +49.100 +01.380 +00.736 
-04.    -14.228 +00.972 +01.011         +00.000 +00.000 +00.000 
-001.921  1.0     1.0    37.0    16.0    001.292                 +01.    
+01.    -57.869 +01.182 +00.672         -01.110 +01.182 +00.672 
+02.    +00.000 +00.000 +00.000         +36.496 +01.290 +00.538 
-04.    -22.456 +00.991 +00.590         +00.232 +00.991 +00.590 
+001.416  1.0     0.0    36.0    16.0    +01.30                  +01.    
-01.    -01.    +01.28  +00.65  24.0
+00.0   +03.0   +05.0   +01.0   +50.0   
1001000000200000    36S(d,p)@ 8MeV    6150 keV  0f5/2 bound ZR
90.     0.0     1.     
+30+01+03+05
+00.30  +000.0   +50.0          0.7
+08.000  2.0     1.0    36.0    16.0    001.303                  2.0    
+01.    -92.976 +01.150 +00.761         -01.602 +01.335 +00.525 
+02.    +00.000 +00.000 +00.000         +49.100 +01.380 +00.736 
-04.    -14.228 +00.972 +01.011         +00.000 +00.000 +00.000 
-001.921  1.0     1.0    37.0    16.0    001.292                 +01.    
+01.    -57.869 +01.182 +00.672         -01.110 +01.182 +00.672 
+02.    +00.000 +00.000 +00.000         +36.496 +01.290 +00.538 
-04.    -22.456 +00.991 +00.590         +00.232 +00.991 +00.590 
+001.846  1.0     0.0    36.0    16.0    +01.30                  +01.    
-01.    -01.    +01.28  +00.65  24.0
+00.0   +03.0   +05.0   +01.0   +50.0   
1001000000200000    36S(d,p)@ 8MeV    6408 keV  0f5/2 bound ZR
90.     0.0     1.     
+30+01+03+05
+00.30  +000.0   +50.0          0.7
+08.000  2.0     1.0    36.0    16.0    001.303                  2.0    
+01.    -92.976 +01.150 +00.761         -01.602 +01.335 +00.525 
+02.    +00.000 +00.000 +00.000         +49.100 +01.380 +00.736 
-04.    -14.228 +00.972 +01.011         +00.000 +00.000 +00.000 
-001.921  1.0     1.0    37.0    16.0    001.292                 +01.    
+01.    -57.869 +01.182 +00.672         -01.110 +01.182 +00.672 
+02.    +00.000 +00.000 +00.000         +36.496 +01.290 +00.538 
-04.    -22.456 +00.991 +00.590         +00.232 +00.991 +00.590 
+002.104  1.0     0.0    36.0    16.0    +01.30                  +01.    
-01.    -01.    +01.28  +00.65  24.0
+00.0   +03.0   +05.0   +01.0   +50.0   
1001000000200000    36S(d,p)@ 8MeV    6550 keV  0f5/2 bound ZR
90.     0.0     1.     
+30+01+03+05
+00.30  +000.0   +50.0          0.7
+08.000  2.0     1.0    36.0    16.0    001.303                  2.0    
+01.    -92.976 +01.150 +00.761         -01.602 +01.335 +00.525 
+02.    +00.000 +00.000 +00.000         +49.100 +01.380 +00.736 
-04.    -14.228 +00.972 +01.011         +00.000 +00.000 +00.000 
-001.921  1.0     1.0    37.0    16.0    001.292                 +01.    
+01.    -57.869 +01.182 +00.672         -01.110 +01.182 +00.672 
+02.    +00.000 +00.000 +00.000         +36.496 +01.290 +00.538 
-04.    -22.456 +00.991 +00.590         +00.232 +00.991 +00.590 
+002.246  1.0     0.0    36.0    16.0    +01.30                  +01.    
-01.    -01.    +01.28  +00.65  24.0
+00.0   +03.0   +05.0   +01.0   +50.0   
1001000000200000    36S(d,p)@ 8MeV    6732 keV  0f5/2 bound ZR
90.     0.0     1.     
+30+01+03+05
+00.30  +000.0   +50.0          0.7
+08.000  2.0     1.0    36.0    16.0    001.303                  2.0    
+01.    -92.976 +01.150 +00.761         -01.602 +01.335 +00.525 
+02.    +00.000 +00.000 +00.000         +49.100 +01.380 +00.736 
-04.    -14.228 +00.972 +01.011         +00.000 +00.000 +00.000 
-001.921  1.0     1.0    37.0    16.0    001.292                 +01.    
+01.    -57.869 +01.182 +00.672         -01.110 +01.182 +00.672 
+02.    +00.000 +00.000 +00.000         +36.496 +01.290 +00.538 
-04.    -22.456 +00.991 +00.590         +00.232 +00.991 +00.590 
+002.428  1.0     0.0    36.0    16.0    +01.30                  +01.    
-01.    -01.    +01.28  +00.65  24.0
+00.0   +03.0   +05.0   +01.0   +50.0   
1001000000200000    36S(d,p)@ 8MeV    6775 keV  0f5/2 bound ZR
90.     0.0     1.     
+30+01+03+05
+00.30  +000.0   +50.0          0.7
+08.000  2.0     1.0    36.0    16.0    001.303                  2.0    
+01.    -92.976 +01.150 +00.761         -01.602 +01.335 +00.525 
+02.    +00.000 +00.000 +00.000         +49.100 +01.380 +00.736 
-04.    -14.228 +00.972 +01.011         +00.000 +00.000 +00.000 
-001.921  1.0     1.0    37.0    16.0    001.292                 +01.    
+01.    -57.869 +01.182 +00.672         -01.110 +01.182 +00.672 
+02.    +00.000 +00.000 +00.000         +36.496 +01.290 +00.538 
-04.    -22.456 +00.991 +00.590         +00.232 +00.991 +00.590 
+002.471  1.0     0.0    36.0    16.0    +01.30                  +01.    
-01.    -01.    +01.28  +00.65  24.0
+00.0   +03.0   +05.0   +01.0   +50.0   
9                   END OF DATA for DWUCK4
