1011000030000000    O16(D,P)O17  D3/2+   UNBOUND STRIPPPING  RMAX= 15 FM        
+55.    +00.    +03.3334                                                        
+16+01+02+03                                                                    
+00.10  +00.    -15.                                                            
+12.    +02.    +01.    +16.    +08.    +01.25                  +02.            
+01.    -85.3   +01.25  +00.606 +00.    +00.    +00.958 +01.578 +00.            
-02.    +00.    +01.25  +00.606 +00.    +51.00  +00.958 +01.578 +00.            
-03.17  +01.    +01.    +17.    +08.    +01.25  +00.            +01.            
+01.    -57.32  +01.25  +00.425 +00.    +00.    +01.207 +00.254 +00.            
-02.    +00.    +01.25  +00.425 +00.    +30.80  +01.207 +00.254 +00.            
+00.933 +01.    +00.    +16.    +08.    +01.25                  +01.            
-01.    -01.    +01.325 +00.50  +34.00                                          
+00.    +02.    +03.    +01.    +51.30  +00.    +00.00                          
9                   END OF DATA for DWUCK4
